-39.9	-32.7	-12.6	-0.1	-3.6	-9.9	-12.1	-27	-5.3	-29.6	-15.9	-8.3	-24.5	-8	-22.6	-17.3	-9.8	-27.9	-15	-3.7	-5.2	-23.9
-21	-15.4	-1.9	5.3	1.5	-0.9	-2.6	-10.2	3.5	-11.8	-6.3	-0.8	-11.2	0.8	-8.3	-4.5	0.6	-12.4	-3.2	3.7	-2.7	-10.8
-8.6	-5.9	8.9	6.9	5.1	9.9	9	5.8	13.5	-2.2	5.9	10.3	2.9	9.9	3.7	7.5	8.6	3.6	8.7	15.5	11	4.6
17.5	19.1	26	19.6	23.6	27.5	28.8	24.5	29	18.2	27.4	29.3	20.7	27	23.3	24.9	25.6	21.7	25.5	27.3	23	22.9
35.1	37.5	41.8	37.2	40.9	44.9	46.4	43.3	46.8	37.1	44.1	46.4	41.7	44	42.8	41.5	44.6	42.2	43.6	45.3	36.4	41.7
56	57.8	59.3	53.2	55.1	61.5	63	61.3	62.8	57.8	63	62.5	58.9	61.6	60.6	62.1	59.3	60.4	60.9	55.8	47.9	59.6
65.6	65	63.9	56.5	58.7	63.7	66.1	65.2	65.6	62.8	66.3	65.6	63.4	63.5	64.5	65.7	62.5	66	63.2	61.1	51.4	65
59.2	60	61.2	55.7	56.8	60.8	62.2	62.1	62.5	57.8	62.2	60.9	59.8	60.9	59.8	61.9	59.8	61.9	60.7	60.2	57.5	61
42.4	43.9	47.9	42.5	44.9	48.9	48.3	47.8	48.8	45.2	48.5	49.3	46	47.5	46.5	47.9	46.3	47.1	46.9	48.2	48.1	46.9
22.9	24.3	29.9	24.9	26.5	31.6	31.3	27.1	32.5	23.1	30.7	31.5	26.1	28.6	26.7	28.1	29.4	26.6	27	32.5	34.6	27.3
-13.9	-4.5	20.8	20.8	20.3	21.7	16.4	11.4	22	4	17.4	21.7	12.5	19.5	14.1	17.8	15	9.7	15.5	21.7	28.9	13.1
-34.7	-23.6	0.4	6.2	5.4	4.6	-0.9	-12.3	3.7	-20	-3.9	5.9	-12	2.6	-4.9	-3.2	-1.3	-18.6	-4.2	7.9	17.3	-13
-16.7	-14.9	-5.7	5.8	-2.1	-7.3	-9	-19.8	-1.5	-14.4	-13.9	-4.7	-17	-4.6	-12.6	-5.7	-8.4	-16.2	-7.6	0.4	-3.2	-15.5
-20.4	-16.8	-0.5	4	4.2	3.6	-1.3	-10.2	5.3	-14.9	-4.9	4.5	-8.9	3.2	-5.1	-2.6	1.9	-14.1	-1.4	4	-6.1	-8.9
3.00	2.4	17.9	19.4	19.2	23.4	18.4	13.7	22.9	4.7	15.8	22.5	12.2	21.5	15.9	18	17.6	8.2	18.7	20.3	11.2	14
26.4	29.4	38	33.8	34.7	41.7	41.9	39.1	42.8	32.4	38.9	40.7	36.6	40.1	36.2	37.7	38.6	35.8	40.6	38.6	31.4	36.9
44.4	46.1	50.4	43.6	45.6	52.7	52.4	49.7	52.2	46	52.4	54.2	47.2	53.1	51.4	51.7	50.6	49.7	50.4	48.6	41.4	49.3
53.6	53.8	58.4	50	53.4	59.2	60.8	57.8	59.7	53.7	60.2	59.8	55.6	58.6	57.1	58.5	56.6	57.2	58.4	55.6	48.8	57.4
59.9	61.3	62	55.2	56.2	61.9	64.6	62.6	63.8	60.4	63.7	62.1	61.4	61.1	62.1	62.2	60	63.3	62.9	60	55.4	62.9
52.4	52.9	56.6	47.6	52	56.7	57.8	56.4	57.8	51.2	58.1	56.9	53.5	55.7	55.4	56.4	54.8	55.8	55.4	56.6	56.3	55.1
39.9	41.8	49	41.6	44.1	49.3	49.6	47.1	49.9	41.6	50.2	48.8	46.1	48.5	46.6	48.1	47.6	46.2	47.6	48	50.3	47.2
16.5	17.2	25.9	21.3	22.8	26.3	27.6	23.5	28.8	17.9	27.4	24.9	22.7	25.4	20.8	24.3	24.3	25.7	24.3	29.7	34	23.2
-13.1	-8.5	10.1	11.9	8.9	10.4	8.9	3.7	12.9	-4.1	9.1	8.7	0.8	9.4	2.3	7.9	7.9	-1.2	6.3	16.9	23.4	1.7
-14.5	-7.7	6.9	10.2	7.3	6.7	1.1	-2.6	6.4	-2.3	0.6	9	-2.9	6.8	1.2	4.7	0.3	1.5	2.7	11.1	20.5	-9.45
-33.1	-26	-8.6	4.2	0.6	-7.1	-10.7	-24.2	-3.7	-23	-13.8	-7.5	-21.2	-7.9	-17.5	-11.9	-11.8	-20.1	-10.8	-2	-1.2	-20.6
-13.2	-10.2	5.9	10.7	7.4	6.1	0.6	-7	8.2	-6.9	-3.8	10.4	-3.7	7.1	0.4	5.1	1.2	-6.3	3.3	5.7	3.3	-3.7
-8.4	-4.4	11.8	11.4	11.2	13.9	12.9	7.1	16.2	-2.3	9.9	12.8	4.8	13.5	6.1	9.6	11.2	2.3	12.3	13.6	8.3	5.6
28.4	29.8	37	32.5	35.8	40	39.1	37.7	40.1	30.8	38.1	41.1	34.6	39	38.5	37.5	36.8	35	38	36	31	34.8
39.6	40.9	44.2	38.5	43.4	48.4	49.6	45.1	49.5	41.2	47.7	49.3	43.2	47.7	45.9	43.7	47.8	44.3	45.9	44.3	36.5	44.3
56.4	58.6	58.2	50.9	53	59.4	61.1	59.1	60.6	58.9	60.6	61.1	58.7	58.7	59.7	60.1	57.6	61	58.2	54.3	47.9	59.4
62	63.3	61.4	53.2	56.2	62	62.9	62.3	63	60.3	62.9	62.1	61.4	60.9	61.6	61.7	59.5	64	60.6	55.55	51.6	62.5
54.7	55.8	58.8	50.6	53.3	58.6	60.1	57.8	60.2	53.3	60.1	58.7	56.4	58.1	57	58.8	56.4	58.1	56.6	56.8	55.2	57.8
39.3	39	45.2	40.8	44.7	47.4	47.8	44	48.3	38	47.8	46.5	42.5	46.5	42.9	44.3	45.6	42.1	44.4	47	47.2	42.7
9.2	10.7	28.1	30.1	31.8	32	33	24.8	34.6	12.8	32.2	30.1	24.4	30.5	23.4	25.2	30.8	21.4	29.7	34.1	33.3	24.8
-21.2	-13.5	21.9	19.9	21.3	23.2	18.3	13.6	22.6	-2.4	18.9	24.6	12.2	20.4	14.1	16.4	15.4	8	17.1	22.5	29	12.9
-25.9	-15	10.1	11.4	9.1	8.5	2.9	1.2	9.2	-5.1	2.8	11.1	0.3	7.9	4.1	7.6	2.9	0.8	3.5	13.4	22.4	4.4
-23.3	-14.6	4.7	10.9	6.7	7.5	0.1	-6.9	7.2	-10.7	-2.5	7.8	-5.8	6.3	-1.2	2.9	0.6	-5.9	1.8	8.9	9.2	-4.1
-22.8	-17	4.2	7.6	5.5	5.7	-0.7	-6.3	6.9	-11.2	-2.5	7.1	-5.7	5.5	-0.1	3	1.5	-9.8	1.9	6.8	3	-5.5
6	6.7	20.5	21	20.2	24.3	18.1	13.3	24.1	7.9	14.6	24	11.6	22.4	18	20.5	19.2	10.9	18	20.9	15.2	13.3
15.4	17.5	25.1	21.2	22.4	29.4	30.3	25.3	30.8	17.3	27.3	28.2	21.9	27.8	22.9	23.6	27	22.4	25.8	27.9	23.1	23.8
36.9	37.6	43.2	39.9	40.5	46.3	48.6	46	48.5	38.8	46.9	46.5	44.7	46.3	42.7	43.3	46.5	45.1	46.5	45.8	37.6	44.5
54.7	54	55.7	45.4	50.6	56.6	56.5	54.8	56.4	53.1	57.4	59.2	53.2	56.3	57.5	57	53.9	55.8	54.3	53.1	45.3	54.4
58.9	58.1	62.1	51.3	55.6	60.9	62.1	61.4	62	57.3	63.1	61.9	60.2	60.7	59.7	62	59.5	62.7	59	56.6	50.1	60.9
55.7	55.4	60.5	54	55.6	60.3	61	59.8	60.7	54.3	61.4	60.4	58.3	60.2	58.5	60.1	58.5	59.6	58.8	58.2	56.9	59.8
43.5	44	45.4	39.2	40.4	45.7	46.4	45.8	46.9	42.5	46.8	46.4	44.4	45.2	43.9	45.3	43.1	47	43.5	47	47.9	46.4
19.7	22.5	35	33.4	35	36.8	36.6	32	38.6	27.1	35.9	37.2	32.2	35.8	32.1	33.7	34.9	30.3	34.2	39.3	38.1	31.4
6.3	10.1	26	23.7	23.2	24.8	20.4	13.6	25.9	14.3	23.6	25.8	13.9	22.5	20.5	23	17.6	17.8	19.7	25.8	29.9	17.7
-16.3	-9.9	14.3	12.7	7.1	6.2	5.3	0.2	12	-7.3	5.5	11.5	-1.6	7.4	7.7	9.3	1.3	-2.1	6.3	15.8	24.6	1.5
-30.4	-22.7	-4.7	0.8	-2.5	-4	-7.3	-15.6	-1.2	-20.6	-10.4	-4.3	-17.4	-4	-14	-9.2	-5.7	-17.6	-8.9	2.2	8	-16.3
-22.5	-16.7	-1.7	-1.4	-2.4	-0.7	-5.5	-7.4	1.9	-12.2	-8.3	0.5	-7.7	1.2	-6.3	-3.8	-3.4	-9.1	-3.3	3.9	1.9	-6.2
-2.8	0.2	12.4	10.4	14.7	17.1	10.1	7.2	15.7	0.8	7.6	17.7	6.1	15.4	9	12.1	13.8	3.7	10.6	14	9.9	6.1
12.6	14.2	25.3	24	23.6	29.3	30.8	26.4	30.9	14.7	25.7	28.6	23.1	27.4	22	24.4	27.7	20.5	27.5	27.3	21	23.3
43	44	46.1	43.2	42.9	48.5	52.3	49.3	51.9	44	49.1	48.7	46.7	49	46.2	46.6	49	47.1	50	45.7	38.3	47.5
56.7	58.7	58.8	51.7	54.2	60.6	61.6	58.9	60.7	57.5	61.2	61.6	57.9	60.4	58.8	59.6	57.7	60.3	59.1	54.6	49.1	59.5
64	65.4	62.9	51.9	56.3	61.5	61.6	62.1	61.5	61.5	63	63.2	61.7	61.4	61	63.5	58.6	63.8	58.8	58.7	51.9	63.6
56.1	57.6	58.9	50.2	54	58.2	59.5	59.4	59.3	55.5	60.6	60	57.1	57.8	57.2	59.8	56.5	59.8	56.3	58	56.7	59.4
42.9	42.3	48.5	41.7	45.8	49.1	49.9	47.4	50.1	42.6	49.5	48.9	45.5	48.4	46.3	48.5	47.1	46.1	47.1	49.2	49.5	46.6
10.5	13.4	28.2	30.2	32.3	31.4	34.4	28.1	36	17.9	34.5	29.6	22.9	31	24.2	25.7	32.9	22	29.9	35.6	35.1	23.7
-22.1	-15.4	13.4	14.1	12.7	13.6	9.2	0.7	14.7	-8.6	12.2	11	0.2	12.3	1.3	8.8	7.7	-4.5	9.6	15.2	26.2	0.7
-21.4	-18.4	-6.5	-1.1	-5.3	-4.8	-10.1	-18.1	-3.5	-19.1	-10.9	-5.4	-16.7	-7.3	-18	-11.9	-8.8	-15.4	-8.7	1	14.3	-14.7
-40.1	-32.1	-5.4	3.7	1.9	-1.7	-8.4	-21.1	-1.8	-28	-9.6	0.4	-19.9	-2.6	-13.7	-9.4	-6	-25.4	-9.7	-2.9	-6.3	-18
-35.3	-33.2	-14.8	-3.6	-6.4	-13.6	-10.2	-19.5	-2.9	-31.7	-15.4	-15.8	-22.8	-11.7	-25.1	-19	-9.9	-29.7	-8.9	-2.3	-8.8	-22.8
-5.4	-1.1	12.9	9.2	6.6	13.2	13.3	9.2	17	2.9	9.4	15	8.5	14.2	10.4	12.6	11.5	8.3	11.9	15.5	11.4	8.8
22.7	24.1	31	25.8	30.1	34.9	35.3	31.9	35.5	23.6	33.1	34.7	28.2	33.4	29.3	30.4	32.9	29.3	32.1	33	27.1	29.9
40.2	41.7	42.2	40.1	39.5	46.1	49.6	46	50.2	40.4	46.8	46.8	44.7	46.6	44.5	43.4	46.4	44.2	47	44.9	39.55	44.6
61.1	62.3	57.7	49.2	49.9	57.2	59.7	60.5	59.1	59.8	59.9	58.6	60.3	58.4	60.6	61.9	56.5	64	57.7	53.1	47.625	61.9
59.3	60.5	64.2	56.3	58.4	63.7	64.9	64.5	64.6	58.2	66.5	64.7	61.3	64.5	63.6	65.2	62.5	63	62.6	59.5	52	63.7
53.8	55	58.5	51.3	53.5	59.5	60	58.9	59.6	53.4	60.1	59	57	59	58	59.1	57.9	58.4	56.2	58.6	55.7	57.8
39.9	41	46.8	39.9	43.4	47.7	46.9	44.8	47.2	41.6	47.5	47.9	42.6	46.7	44.7	46	44.8	44	43.7	46.9	44.2	44
23.3	24.7	35.7	31.8	30.8	34.5	34.6	32	36.5	27.4	35.4	35.7	30.5	32.8	32.3	33.3	31.7	30.8	31.2	36.1	36.8	31
-8.3	-4.2	17.5	14.8	13.5	17.4	10.3	5.5	16.7	-0.7	15	18.1	4.9	15.7	10.6	13.6	11.4	3.2	9.5	17.1	25.3	6.5
-36.4	-27.1	-3.9	3.1	-1	-4	-8.2	-17.6	-1.2	-21.1	-9.1	-2.6	-15.8	-4.4	-13.2	-7.9	-8.7	-14.8	-9.3	2.8	12	-13.8
-38	-30	-4	5.3	2.7	-5.4	-9.1	-18.5	-0.9	-24.1	-11.1	-1.6	-16.5	-3.8	-12.4	-7.9	-5.3	-19	-7.7	-0.2	-3.3	-16.3
-9	-6	3.4	6.5	4.1	1.4	-3	-6.7	5.3	-5.3	-6.6	6.2	-4.9	4.2	0.4	3.8	0.9	-5.9	0.9	4	-1.8	-4
0.5	3.5	17.8	16.4	14	19.5	17.4	15.1	22.7	7.2	14.1	20.2	13.3	19.7	14.7	17	16.4	13.4	17	18.9	14.9	14.9
19.5	22.3	31.4	25.6	27.2	33.1	36.1	32.4	37	24.1	34.4	33.3	29.2	32.6	30.2	31.5	33.2	28.4	32.4	34.2	27.9	29.1
37.4	40.1	45	41.4	43.6	48.4	50.6	47.7	51.1	40.2	48.5	49	45	49	45.5	45.7	48.5	44.8	48.3	46.2	39.3	44.8
56	58.4	59.3	53	54.1	59.4	62.2	61.9	61.3	57.8	62.3	61	60.4	59.9	59.1	61.4	58.7	63.8	59.6	55.1	49.8	62.3
66.5	67.9	67.3	57.9	59.7	66	67.1	68	67.4	65.3	69.4	67.1	66	67	66.6	69.3	64.6	68.6	64.9	63.4	58.5	68.6
55.4	58.3	59.9	53.3	53.5	59.8	62.5	62	62.6	57.5	61.5	60.1	60.6	59.4	59.4	60.2	59.3	62.7	59.7	60.8	62.6	63.1
42.7	44.8	50.8	47.3	48.3	51.8	52.2	50.5	52.5	44.8	52.4	51.7	48.9	51.1	47.9	50.8	49.1	49.5	51	50.3	50.9	50
24.9	24.5	33.7	28.8	28.3	33	33.2	29.8	35.1	25.6	33.5	33.1	27.8	32.3	29.6	32.1	29.8	28.8	30.3	34.7	37.3	29.9
-6.8	-0.7	17.9	13.6	11.1	15.2	11.4	10.6	16.6	4.9	13.7	16.4	8.1	13.3	13.6	16	9.8	9.5	10.2	19.1	26.4	10.6
-25.1	-19.2	5.5	8.8	3.2	0.2	-2.9	-14.1	5.5	-15.5	-5.2	1.8	-9.8	0.4	-7.7	-1.4	-5.5	-10.7	-2.1	7.1	19.8	-8.1
-35.4	-28.6	-6.1	5.5	3	-6	-6.4	-19.7	1.3	-24.2	-10.8	-4.8	-18.5	-4.1	-14.5	-11.3	-6.8	-21.6	-6.4	2.7	3.8	-18.4
-18.2	-15.1	0	8.1	7.6	1.4	-2.8	-8.6	4.9	-13.7	-5.6	2.3	-9.6	2.5	-5.7	-2.5	-2.5	-14.7	-0.4	3	0.5	-9.8
-7.5	-4.5	7.4	7.6	8	10.5	10.5	3.3	13.9	-3.3	6.1	9.9	0.2	9.7	1	4.8	7.3	-0.7	8.3	13.1	6.9	0.7
15.5	18.5	30.3	27.4	29.9	34	35.5	30.8	36.4	20.9	32.7	33.4	25.8	32.5	27	28.9	33.2	24.9	32.4	31.6	26.1	26.5
34.6	37.4	44.8	40	42.2	47.3	48.7	46.6	49.4	39.5	46.9	48.3	44.6	47.4	45.5	44.7	46.2	44.2	47.2	45.6	36.6	45.4
50.2	51.2	49.8	46.5	47.3	53.5	55.4	54.7	55.2	51	55.6	55.2	54.1	53.9	51.6	52.3	52.1	55.3	54.3	51.3	46	55.4
60.2	62	61.6	54.7	56.2	62.4	64.1	62.2	64.4	60	65.1	63.1	59.8	62.4	61.7	62.5	59.8	63	62	59.9	52.6	62.2
55.2	57.6	61.9	54.2	55.7	60.6	63.4	63.8	63.4	56.7	65.1	61	61.8	60.2	60.4	61.9	59.2	61.4	62	61.8	61.5	63.1
39.5	41.6	46.4	41.9	43.3	48.5	49.2	47	49.6	41.6	50.4	48.1	44.8	47.7	44.8	46	47.1	44.8	46	48.7	49	45.1
17.6	19.5	29.7	24.1	26.8	31.6	30.1	27.9	31.9	21.8	30.6	29.9	26.9	29.8	26	27.2	28.9	26.3	27	32.3	35.7	28.2
-27.7	-20.8	6.6	7.4	7.2	9	5.3	-2.3	11.1	-15.7	7.5	7.4	-5.5	6.7	-3	0.8	2.5	-11.9	3.4	12.9	19.3	-6.2
-28.3	-21.3	4.5	11.9	9.5	6.3	2.3	-5.7	9.3	-15.6	-0.3	8.2	-4.9	6.1	-2.5	1	1.4	-8.5	3.3	12.1	19.8	-4.6
-24.7	-17.5	-3.4	1.8	-2.6	-6	-9.1	-16.5	-0.7	-15.8	-12.1	-0.6	-15.3	-3.8	-8	-5.2	-8.2	-12.6	-8.3	1.7	0.5	-13.6
-27.1	-24.1	-3.9	-0.3	0	-2.5	-4.6	-12.7	1.5	-18.7	-7.1	-1.7	-14.4	-1.1	-11	-7.3	-5.6	-15.5	-4.6	0.7	-3.9	-12.3
-3.5	-1.8	13.3	10.8	12.3	14.9	12.5	9.2	17.5	1.2	8.5	16.3	5.6	15.3	9	11.2	12.6	3.8	11.1	16.9	10.9	6.4
19.2	22.7	32.5	28	31.3	37.2	36.8	33.2	38.3	25.6	33.2	37.5	30.5	36.1	33.9	33.1	34.2	30.1	34.4	35	29.7	30.9
37.7	40.2	44.6	38.2	41.8	46.9	48.6	46.9	49.4	39.4	47.3	47.9	44.2	47.7	45.1	44.7	46.9	43.3	47.4	45.4	39.2	44.2
54.3	54.6	53.5	47.9	49.7	56.3	58.5	55.7	58.4	52.6	57.1	56.6	54.9	56.2	54.9	55.3	55.6	56.6	55.9	52.8	47.6	55.8
60.4	60.7	58.7	51.8	54.1	59.6	61.1	61.6	61.2	59.5	62	60.4	58.8	58.7	60.4	60.3	59.7	61.8	57.8	56.7	50	60.8
56.2	56.1	60.3	53.1	54.6	59.5	61.3	61.3	61.5	56.7	61.2	60.2	59.5	59	59.4	61	58.5	61.6	58.7	59.7	57.4	60.7
47.8	47.5	51.1	45.9	47.6	51.9	51.6	49.9	51.7	46.2	51.3	51.6	48.7	51.9	49.4	50.7	49.8	49.5	49.5	49.9	51.2	50.3
23.5	26.8	36.6	30.5	31	35.8	36.8	32.7	38.4	30.5	36.1	37	32.8	35.3	34	35.1	34.9	33.8	34.4	37.9	40.4	34.1
-1.4	3.3	24.4	22.5	20.5	21.9	20.6	15.5	25	8.6	21.8	24.5	9.8	22.1	18.9	20.9	18	11.5	18.9	26.1	29.8	14.1
-14.6	-10.3	3.7	10.9	3.2	2.1	3.5	-9.8	10	-10.9	0.5	5.5	-12.9	3.1	-4.8	-1	-0.7	-13.2	-0.3	12.3	21.6	-10.6
-25.5	-18.1	1.9	9.3	3.1	0.5	0.2	-11.6	8.8	-14.1	-4.1	5.1	-10.3	2.3	-3.6	-0.7	-1	-7.1	0.7	9.1	13.4	-6.1
-3.3	0.4	9.4	8.7	5.6	6.1	1.5	-1.2	10	3.3	-2.7	11.4	1.5	8.7	5.8	9.8	4.5	2.9	6.8	9.1	6.6	3.8
7.4	8.9	22.1	18.7	22	27.9	20.9	19.1	24.8	12	19	26.6	14.4	25.1	20.9	22.2	22.5	14.9	20.2	23.2	14.8	16.9
16.5	19.5	31.8	29.8	31	36.8	37.8	35.2	38.6	22.4	35.2	34.6	30.3	36.1	30.3	31.1	36.5	28.7	35.2	34.7	29.2	30.7
41.2	44.6	47.3	42	43.2	50	50.6	48.9	51.3	44.5	49.4	51.2	46.6	49.6	48.8	48.3	48.9	47.7	48.5	47.4	40.6	46.9
49.5	51.6	54	47.7	51.1	55.4	56.7	55.3	56.3	51.5	56.3	56.8	52.8	54.8	54.5	55.2	53.7	53.7	54.1	53.6	47.2	53.8
56.8	58.1	62.7	53.2	55.7	62.1	62.7	62.2	62.7	57.3	62.8	63.6	59.3	61.5	60.4	62.1	60.2	61	60.7	60.7	56.7	60.9
53.7	54.5	57.9	50.4	54.1	57.9	58	57.7	58.6	53.5	58.3	58.4	55.9	56.5	56.8	58.2	55	57.8	55.4	56.9	58.1	58
39.3	40.2	46.8	39.8	40	45.4	46.7	45.3	47.9	41.1	47.3	46.5		45	43.6	45.6	44	44	44.5	45.9	47.9	45.1
22	24.8	36.2	32.1	33.5	36.9	36.5	32.9	38.4	27.2	36	37.5	31.5	35.9	33.4	33.5	33.1	30.6	33.6	38.1	39.2	30.6
-6.2	0.2	16.8	14.8	12.2	13.6	13.2	4.1	17.3	4.4	12.8	14.8	4.8	12.3	8.4	13.4	10.5	6.8	11.1	17.9	26.3	5.4
-19.5	-13.6	6.3	12.6	6.4	1.5	2.4	-13	10.8	-11.2	-2.2	6.7	-11.3	2.8	-2.1	2.2	0.6	-10.5	-0.1	10.3	20.4	-10
-40.2	-31.8	-8.9	0.6	-3.2	-10.4	-10.1	-24.3	-3.1	-28	-15.3	-5.1	-22.7	-7.7	-16.3	-13.8	-11.4	-25.3	-11.7	-2.5	2.4	-20.9
-20.6	-14.3	5.9	9.7	7.6	7.2	3.2	-1.7	10.2	-10.7	0.2	8	-2.3	7	-1.8	4.2	4.9	-7	5	6.8	1.8	-1.9
22.1	23.8	26.4	24.5	20.4	27.1	27.3	22.1	31	22.8	20.9	29.6	21.3	26.6	26.2	28.1	24.2	25	26.9	26.3	18.7	25
22.5	23.1	31.9	24.8	27.5	34.8	35.9	33	36.8	25.5	34.1	35.8	29.8	33.6	31.8	31.4	35	32.2	33.3	33.4	27.2	31.2
47.5	48.8	49.8	44.2	46	54.1	53.7	52.1	54.1	48.6	52.7	55.9	49.6	54.7	51.6	52.4	51.6	52.2	51.7	49.2	41.2	50.9
55.4	56.1	57.9	48.8	52.8	59	59.4	57.4	59.3	54.5	60.5	59.5	55.4	59	57	58.4	56.7	58.6	56.9	55.4	48.1	57.1
59.7	60.6	68.7	57	61	67.1	67	68.1	67	60.8	70.1	68.4	64.7	66.2	65.2	67.7	64.9	65.7	65.4	61.6	57.5	66.4
58.1	59.9	63.7	51.2	54.9	61.6	60.6	61.6	61.2	59.2	62.9	62.9	60.5	60.8	60.8	62.8	58.9	63.5	58.5	60.2	61.5	62.5
40.8	42.7	48.9	40.3	43.1	48.3	47.9	45.5	48.6	40.5	47.1	48.5	43.8	47.4	45.7	47.4	45.2	45.2	44.7	46.8	49.9	44.9
26.3	28.5	38.5	38.7	35.9	40.2	40.3	36	42.3	29.8	38	39.6	35.3	38.2	35	36.9	37.2	35	38.8	40.5	41.3	35.8
-8.3	-2	17.3	16.2	16.2	15.6	15.8	9.8	19.5	1.5	16	17.7	7.9	13.1	10.6	13.3	10.1	6.8	14.6	20.9	26.6	9.2
-20.2	-13.5	8.2	11.8	9.6	8.2	3.5	-4.4	11.6	-8.7	2.6	8.5	-3.3	6.2	-1.4	2.8	1.5	-4.7	3.9	12.8	21.6	-1.2
-27.3	-21	-3.6	5.3	1.8	-6	-9.7	-20.8	-0.8	-20.1	-12.8	-0.2	-16.5	-4.8	-12.7	-7.4	-8.5	-18.4	-5.2	2	7.7	-16.6
-25.5	-19.9	1	6.9	7.9	6.1	-0.9	-6.4	6.3	-15.4	-2.3	6.8	-6.9	4.4	-3.6	-0.9	1.8	-10	0.8	5.2	-0.1	-5.2
-4.8	-4.1	10.1	10	8.5	10.1	10	5.4	15.4	-1.8	6.5	11.2	3.8	10.6	4.2	8.1	8.9	1.3	10.7	13.5	6.3	4
22.2	24.2	33.2	25.4	28.8	35.2	36.3	34	37.3	26.6	34	35	32.3	34.2	32.3	32.1	34.7	32.9	33.7	35.3	28	33.2
38.7	41.8	43.7	38.8	40.4	46.7	49.5	46.4	50.3	40.3	47.2	47.1	44.8	46.6	44.7	44.1	47	45.1	46.9	45.5	37.4	45.4
54	56.7	59.9	51.9	53.9	60.9	61.9	60.6	61.5	56.6	62.2	61.9	59.4	60.5	59.4	60.5	58.9	61.4	60.1	55.7	47.8	59.9
65.2	66.6	67.5	56	61.3	67.7	65.5	66.1	66.6	64.3	67.7	67.8	64.3	66.7	66.8	68.6	63.9	67.5	63.1	61.3	52.6	66.1
57.5	59	61.7	55.1	56.7	61.3	63.2	63	63.9	57.7	63.8	62	59.8	61.5	59.2	61.7	60.3	62.2	60.4	62	60.5	62.1
44.1	45.5	49.8	42.6	43.9	48.8	49.7	48.1	50.5	44.8	50	49.8	46.3	48.3	47.3	49.4	47.7	47.4	47.2	49.9	52.2	47.5
19.7	22.2	34.4	30.5	32.4	35.9	35.7	30.3	37.6	26.2	34.8	35.2	28.6	34.4	31.1	31.7	33.7	29.5	31.6	36.2	38.3	30.3
-6.8	1	18.9	14.2	17	18.1	13	9.9	19	5.4	15.8	19.8	6.3	15.7	14.9	15.5	12.5	8.7	11	19.5	26	9.3
-28.7	-23.6	-3.6	5	0.7	-4.6	-7.1	-20.5	0	-21.4	-8.8	-3.2	-19.4	-6.3	-13.5	-8.8	-9.6	-20.2	-8.6	2.7	16.9	-18
-13.9	-4.5	8.5	13.3	9.2	3.3	-0.5	-5.5	7.2	-3.1	-1.7	11.4	-3.4	5.7	5.2	7.6	-0.3	0.9	3.3	6.7	6.7	0.9
-13.1	-8.1	9.1	11.6	8.7	8.7	5.1	2.4	12	-2.7	1.7	11.6	1.8	9	6.7	8.2	7.3	1.7	7.2	10.8	7.8	3.6
3	6.2	17.3	15.7	16	18.4	16.7	13	22.1	8.3	14	19.6	9.3	18.3	13.9	16.5	15.4	10.6	16.4	18	12	11.3
13.3	14.4	27.3	26.2	29.9	33.2	34.4	29.6	35.6	15.9	31.7	32.3	22.8	31.5	25.7	26.1	32.1	22.4	29.8	31.4	25.4	23.4
43.9	46.5	50.9	45.9	47.1	52.8	54.6	53.6	55.6	47	53.6	54.2	50.9	54.2	51.9	52	52.1	51.2	54.2	49.3	40.7	50.8
56.5	57.2	54.4	47.9	52.7	57.4	55.9	55.9	56.1	54.1	56.9	58.3	54.8	56.6	55.8	56.6	53.4	57.4	53.9	51.2	45.7	55.9
62	64.3	63.7	55.8	60.2	64.4	65	65	66	62.3	66.7	64.8	62.1	64	63.9	64.7	63	65	62.7	61.8	54.3	63.7
56.8	58.6	62.2	52.5	55.9	61.3	62.4	62.5	63.5	56.6	63.7	61.5	59.4	60.9	60.5	62.1	59.5	61.2	58.7	60.9	60.4	60.5
38.7	39.4	44.6	37.1	39.4	44.7	45.8	43.5	46.9	38.7	46.2	44.5	42.1	43.6	42.1	43.6	43.4	44.2	42.5	45.4	46.8	43.9
27.4	28.9	36.8	31.1	30.6	36	35.4	30.2	38.2	29.3	33.4	37.5	30.1	34.5	33.8	35.1	32.9	32.1	33.2	34.9	37.4	32.1
-18.4	-14	13.4	16.8	18.4	16.4	16.3	5.1	20.3	-9.5	14.8	14.4	3.2	14.1	4.7	8.2	14.9	-2.6	12.5	21.7	25	1.4
-19.5	-12.9	3.9	9.2	4.8	-1.1	-2.3	-9.8	5.4	-10.2	-6.1	6.6	-6.5	0.1	-3.1	0.7	-3.8	-6.1	1.2	9.6	22.3	-5.2
-13.7	-6.1	-0.3	6.5	1.1	-3.3	-5.5	-16.1	2.2	-8.3	-9	3	-11.1	-1.7	-4	-0.5	-7.7	-5.8	-4.1	2.4	3.9	-8.2
-10.4	-3.6	9.4	11.7	10	8.5	4.6	-2.2	12.8	-0.2	1.3	13.1	-0.4	9.8	5.6	8.7	5	1.8	6.8	10.5	5.4	1.8
15.1	18.4	24.2	22.4	20.7	26.3	23.6	22.2	27.8	19.2	20.9	26.7	21.2	25.2	20.8	23.8	22.8	21.8	23.1	24.9	17	22.5
19.3	23.1	34.8	26.9	30.6	36.3	36.4	33.7	37.8	26.5	34.5	36.9	30.2	35.9	32.3	32.8	33.7	30.6	33.6	33	25.7	31.7
37.4	39.6	45.4	39.1	42.1	48.3	49.2	47	50.3	40.8	48.5	47.1	45.2	47.7	44.3	44.9	47.7	45	47.1	45	38.2	45.7
54.6	55.5	58.3	51.2	52.7	58.6	61.1	58.3	62	53.3	60.6	59.7	56.3	57.6	57	57.5	57.7	57.6	58.1	56.1	48.8	57.2
64.1	65.7	69.5	57.5	61.2	67.9	67.4	67.2	68.5	64.3	69.7	68.5	64.2	66.8	67.1	69	64.9	68.1	65	64	59.5	66.5
56.2	58.9	61.9	52.3	55.3	61.6	61.7	61.1	62.4	57.3	63.8	60.4	60.5	60.3	59	61.5	59.3	61.4	59.2	60.1	61.2	61.6
40.4	40.4	47.3	40.7	43.8	47.8	49.3	45.8	49.9	39.5	48.6	47.6	44.6	46.3	43.6	45.7	45.7	45	46.3	48.3	48.9	45.1
21.6	25.5	36.6	31.5	32.7	37.2	35.9	31.1	38.6	28.9	35.9	37.7	31	35.3	33.9	34.4	32.8	32.2	33	36.8	37.6	31.6
-10.4	-3.7	11.7	10.5	7.3	8.1	8.2	3.3	13.9	0.4	10	11	2.7	8.1	5.6	8.9	5.6	3.2	6	16.1	24.3	5
-26.5	-16	5.1	7.6	3.2	4.4	0	-5.7	6.7	-10.8	-0.1	8.3	-7	3.6	0.3	0.8	-1.3	-3.8	0.7	10.2	20.4	-5.7
-43.8	-34.3	-2.6	3.2	5.2	-0.9	-4.1	-10.6	3.2	-28.3	-5.8	1	-11.4	-0.1	-13.2	-10.2	-3.7	-21.1	-2.8	4.8	2.7	-13.9
-23.4	-18.6	2.7	8	2.6	2.9	0.7	-5.3	8.7	-14.8	-3.3	2.7	-5.4	3.7	-7	-1.8	0.2	-13.1	3.8	7.8	5.9	-7.9
3	5.7	17.7	16.7	17.3	19.2	17.2	13.5	21.9	6.6	12.8	19.9	10.3	18.3	14	15.3	17.3	8.9	17	20.3	13.9	10.5
16.6	20.4	32.5	28.5	30.8	35.5	38.1	34.1	39.2	23.2	34.7	34.8	30.7	34.6	30.6	30.6	36	29.5	34.4	35.5	30.2	31
38.2	38.8	47.3	40.6	44.1	49.3	50.4	46.5	51.4	40.8	48.5	51.4	44.4	49.5	47.3	46.3	49.2	44.7	48.4	46.2	39.5	44.8
53.4	56.5	61.5	54.4	57.6	64	64.1	63.8	63.6	58.7	63.8	65.3	62.1	62.7	63.1	63.4	61.1	63.4	62.6	56.7	49.5	62.6
64	65.9	67.4	56.6	60.5	66.9	66.4	67.1	66.8	64.1	67	68.6	64.9	65.4	66.7	68.1	62.8	68.1	64.4	62.3	58	66.2
53.7	56.3	61.3	52.4	55.1	60.4	61	59.5	61.5	55.9	61.9	60.8	57.9	60.4	58.7	60.6	57.7	59.3	58	59.2	57.1	59
39.7	42.2	47.3	39.9	44.3	48.8	48.6	45.4	49.1	43	48.1	49.5	45.6	47	46.1	46.5	45.9	46.5	45.8	48	49.4	45.8
24.5	26.1	36.2	30.6	33.7	36.6	35.5	30.4	37.4	27.5	35.4	36.7	29.5	35.1	33.4	34	33	31.3	34.1	37	39.6	30.5
-7.7	-4.5	18.6	19.3	18.9	17.7	16.8	10.1	22.7	-2.9	17.4	17.5	5	15.7	8.5	13.2	12.6	2.1	15.9	23.1	28.4	3.9
-30.7	-25.7	1.3	7.8	-0.2	-4.6	-5.3	-12.5	2.1	-23.5	-6.6	1.3	-11.6	-2.1	-11.4	-5.2	-7	-18	-3.5	5.9	21	-12.2
-17.3	-11.1	5.4	8	5.7	5.5	-0.2	-0.5	6.6	-5	0.5	7.6	0.3	6.4	0.9	3.3	0.7	-0.7	2.7	10.6	15.5	1.3
-10.3	-5.8	10	14.6	12.4	10.7	5.6	1.1	13.6	-2.3	3.1	11.1	3	10.9	4.9	9.2	6.7	-0.3	9.1	11.2	6.3	4
-3.8	0.6	18.2	15.7	18.9	23	17.5	14	23	5	14.4	21.6	11.2	21.2	15.3	16.4	19.1	9.8	16.9	19.7	12.2	13.2
17.8	19.7	34.1	27	32.1	37.4	38	32.4	38.6	21.6	35.2	38.1	27.1	36	34.6	31.5	36.3	26.7	33.3	34.1	24.8	27.5
33.9	36.9	44.5	36.5	40.8	47.2	47.6	44.5	48.1	38.2	46	47.9	42.8	46.4	45	43.6	45.3	42.1	44.4	44.3	37.7	43
56.5	57.8	54.9	49.9	50	56.9	59.6	58.3	59.1	56.3	58.9	57.4	57.9	57.1	56.5	56.9	55.9	59.1	57.2	54.4	46.9	58.4
60.9	60.6	65.1	52.6	58.8	64.5	66.3	64.2	66.8	59.6	66.8	64.7	61.4	64.5	63.3	64.1	62.2	62.9	62.8	61.7	54.2	62.1
56.8	57.9	64.6	55.3	56.8	63.9	63.8	62.5	64.4	58.3	63.7	64.3	60.2	62.3	62.8	63.9	59.7	61.1	60.7	61.2	59	61.3
43.6	44.1	47.7	40	42.8	47.5	48.4	44.8	49	43.4	47.8	48	43.3	46.6	45.8	45.9	44.5	45.7	44.8	48.4	48.2	45.1
26.2	27.7	36.7	31.9	32.1	37.4	36.8	32.5	39.5	29.7	37.1	38.2	31.2	35.5	35.3	33.8	34.5	31.8	34.1	37.6	38.8	32.1
-5.4	4.6	25.4	23.2	23.9	25.2	20.7	15.6		9.1	23.2	27.8	14.8	24.1	19.3	21.3	21.3	14.4	19.8	26.5	30.9	15.4
-12	-5.4	12.2	11	7.7	4.2	1.6		8.6	-6.6	-0.3	12.5	-6.4	4.3	2.8	5.3	-2.8	-5.1	1.2	10.4	22.1	-5.3
-33.6	-26.2	-2	-1.8	-2.3	-3.3	-7.3	-11.8	0	-19.4	-6.4	-1.2	-11.7	-2.6	-10.1	-5.9	-8.3	-13.1	-6.8	2.4	8.8	-11
-16.8	-11.9	1.9	5.4	4.5	1.1	-4.2	-9.1	4.5	-8.6	-6.4	4.1	-8.6	1.5	-5.7	-0.9	-3.5	-8.2	-1.6	3.6	0.8	-7.2
2.2	3.5	15.7	11	10.1	16.7	11.5	11.2	18	6.4	9.8	17.3	8.6	15.4	12.1	14.7	10.8	8.8	12.1	17.2	14.6	8.8
18.4	20.5	30.7	26	25.9	34.9	34.6	30.4	37.3	20.5	33.7	34.6	27.1	34	26.7	28.7	31.7	26	33	32.1	28.3	26.3
38.6	40.7	46.4	41.3	42.7	49.8	50	48.9	51.3	43.1	48.1	48.9	47.2	49.4	46	47.2	48	47.4	49.7	47.3	39.9	48.4
54.6	55.6	55.5	46.7	51.2	57.8	56.9	55.6	56.9	54.2	57.1	59.4		56.4	57	57.1	54	56.9	54.2	53.3	46.3	56.4
65.2	66.8	71	58	63.1	69.6	67.8	69.4	68.3	65.9	71	71.1	67.1	69	69	71.2	64.6	70.3	65.7	62.3	56.4	48.45
53	54.8	59.1	54.2	54.6	59.8	60.9	60.2	61.9	53.9	62.8	59.9	58	58.8	56.1	57.9	57.3	59.1	58.2	59	57.2	37.425
36.4	37.9	43.3	39.6	39.9	44.3	46.3	42.4	47	36.4	45.2	43.4	39.4	42.9	41.35	41.4	42.7	40.1	42.8	45.5	45	40.5
17.1	20.1	30.4	26.5	27	31	30.8	26.9	34	20.7	31.2	31.2	25.9	29.6	26.6	28	27.4	25.3	28.2	33.2	34.7	26.4
-6.6	-4.2	7.6	8.9	10.8	7.9	4.4	-0.3		-4.7	5.7	5.8	-2.2	5.3	0.4	2.9	4.6	-3.3	2.6	14.5	23.2	-2.6
-31.3	-24.4	1.6	7.8	7.3	3.6	3.2		9.1	-17.1	-0.1	4.1	-8.1	4.6	-4.7	-2.6	1.5	-13.4	0.5	12.4	15.2	-8
-27.7	-21	-0.9	9.4	5.5	-3	-3.2	-17	5.7	-20.5	-7	2.3	-15.9	-1.4	-6.9	-4	-6.8	-18.5	-3.9	3.2	-4.3	-13.4
-15.8	-8.6	6.7	11.1	8.4	7	3.9	-3.5	12.4	-5.1	0.5	11.4	-4.1	8.2	2.5	5.6	3.8	-2	6.5	8.7	-0.2	0.3
-1.8	1.4	23.3	23.3	23.6	27.3	22.7	18.2	28.8	7.1	19	27.9	14.1	25	19.7	20.8	24	11.4	22.4	25.4	13.8	14.4
36.2	37	41.6	35.9	39.1	44.8	44.8	40.5	45.7	37.6	41.8	45.9	37.8	43.6	43.4	42.4	41.7	39.9	42.2	40.5	31.7	39.5
42.8	43.9	49.6	42.2	45.3	51	52.1	49.1	52.5	44.2	51	52	46.5	50.9	49.7	49.1	48.8	48.1	50.3	48.6	40.6	48.4
55.3	55.7	58.7	48.95	54.6	60.6	62.7	60	61.8	54.6	62.1	60.7	57.3	58.8	58.6	58.4	57.1	58.4	60.2	56.1	49.3	58.1
61.9	63.1	65.3	55.7	57.8	64.6	65.5	64.8	65.4	61.5	67.1	64.7	62.8	63.6	64.1	64.8	61.9	65.7	62.6	60.3	53.1	64.7
56.3	57.7	62	53	55	61.9	61.9	61.2	62.9	56	63.2	61.5	59.6	60.5	59	60.7	59.1	60.7	59.4	60.4	58.8	60.8
43	44.9	48.3	41.3	43.9	48.6	48.9	46.5	50	43	49.1	48.2	44.4	47.5	46.3	47.4	46.3	45.8	46.1	48.5	48.7	46.1
23.4	26	35.4	33	35.9	35.6	35.1	30.3	37.1	27.5	34.8	37	29.6	34.7	32.3	33.1	31.6	28.7	31.6	37.6	37.9	30.2
-10.8	-6.6	14.1	13.2	14.1	16.2	13.1	6.7	18.4	-0.4	13.5	14.2	8	12.7	9.3	10.2	9.9	6.4	11.9	18.6	24.4	9.9
-26.3	-21.5	0.8	9.6	4.3	2.4	-0.4	-10.8	7.1	-19.4	-2.6	2.6	-9.3	1.2	-8.5	-4.6	-3.6	-12.8	-0.8	8.8	18.8	-8.2
-35.7	-31.7	-9.2	-1	-3	-9.4	-12.3	-22.7	-4.7	-29.4	-13	-6.8	-21.6	-7.8	-14	-13.4	-10.1	-26.3	-12.2	-2.9	-2.9	-21.3
-12	-7.8	10.6	16.1	13.5	8.9	6.3	0.6	14.9	-1.9	3.8	12.2	5.4	10.7	5.5	9.2	7.1	2.6	11.4	11.7	8.2	5.5
5.8	8.8	18	16.8	14.8	18	18.3	13.9	22.9	10.3	12.2	18.9	13.6	17.8	15.8	17.3	14.9	14.5	18.5	21.2	13.6	15.4
22.9	26.3	33.3	31.1	30.9	37.1	39.6	35	40.9	27	36.1	36.2	33.6	35.9	32.5	32.4	35.6	32.4	36.6	36.4	29.1	33.2
34.8	39.1	46.1	40.7	42.7	50.1	50.2	46.2	50.7	41	47.9	49.4	44.1	49.4	46.6	46.2	47.5	45.2	47.5	47.2	38.9	44.7
57.5	58.3	54.7	47.1	51.4	57.6	57.1	54.9	57.5	54.2	56.7	57	54.2	56.3	56.6	56.2	54	57.1	54.5	53.3	46	55.3
62.2	64.4	65	56.8	59.8	66.5	65.5	65.5	65.9	62.9	66.1	66.2	64.7	65.2	64.6	64.7	62.7	65.8	63.7	60.7	53.5	65.5
62.7	63.2	65.4	56.2	57.2	63.8	64.8	64.3	64.9	60.4	65.2	63.4	62.9	63	63.4	65	61.3	65.7	61.8	61.8	61.7	64.6
36.4	38.3	45.2	43.8	43.3	47.1	49.4	45.3	50	37.8	49.4	45.4	44.1	45.9	43.3	42.6	46.7	43	46	49.1	48.2	44.2
14.6	17.8	33.8	30.5	32.4	35.5	35	30.4	37.3	23.1	34.8	34.5	29.9	33.7	30.7	30.5	32.1	29.8	31	36.2	36.7	31.1
-29.7	-22.8	8.6	11.3	10.2	8	5.6	-0.5	12.1	-18.8	8	7.9	-3.2	7.6	-4.1	0.9	6.5	-10.6	4.3	14.8	22.3	-4.2
-29.3	-19.8	11.2	12.1	13.9	10.9	3.9	-1.2	11.8	-12.2	4.4	15	-1.1	10.4	7.1	6.9	3.5	-6.4	4.3	13	21.4	0.1
-40.9	-33.2	-5.7	2.9	1.2	-4.6	-9.1	-20.7	-1.1	-25.8	-11	-3.5	-16.8	-4.7	-16.9	-11.1	-8.5	-18.5	-9.6	-0.9	0.6	-16
-16.1	-10	7.9	14.1	13.7	9.2	4.5	-0.3	11.8	-3.7	0.3	10.4	0	9.6	2.8	7.1	6.9	0.7	6.4	11.1	4.8	3.5
-14	-12.8	1.9	2.2	1.7	3.3	3.5	-3.1	8.4	-11.2	-1	3.3	-6.2	3.4	-5	-1.2	1.1	-7.4	2.3	7.4	3	-6
21	23.5	32.6	28.8	30.6	36.2	36.4	32.8	37.9	25.3	33.4	35.4	28.9	34.2	32	32	33.7	29.8	33.2	34.6	27.3	29.2
45.1	48.2	52	46.8	49	54.9	55.8	52.2	56.6	48.3	54.9	56	49.9	54.9	53.4	52.1	52.6	51.6	53.9	52.6	41.7	50.3
52.7	53.4	55	51.6	52	57.7	60.4	57.2	59.6	52.2	59.7	57.4	54.7	57.8	55.5	55.6	55.5	57.4	57.5	54.1	47.8	55.6
65.8	65.6	68.3	58.4	61.2	67.2	68.6	66.4	68.1	63.4	69.2	68	64.5	65.9	68.5	69.2	64.3	67.5	65	65.2	57.6	65.4
53.7	54.3	58.4	53.6	54.3	59.4	61.2	59.4	61.4	53.2	61.6	59.3	57.4	59.1	58	58.8	58.5	57.7	57.6	59	54.9	57.2
40.9	42.2	46.8	40.7	41.2	45.6	48.8	45.5	49.6	40.9	48.6	45	44.1	45	42.9	44.8	43.5	44.9	44.8	49.8	48.4	44.8
14.2	17.9	32.2	28.2	30.2	34.2	32.9	28	35.8	21.9	33.1	33	25.4	32.4	29.5	30	31.1	25.5	28.8	34.8	35.4	26.5
-4.7	-1.1	15.7	16.6	14.9	16.6	14.9	5.9	18.8	1	14.2	15.4	5.5	15.1	9.7	12.8	12.6	7.4	11.3	21.2	26.4	8.5
-21.5	-13.8	7	10.6	5.5	5.3	-0.9	-6.9	5.9	-12	-1.2	7.8	-6.2	4.7	0.8	2.5	-1.2	-9.7	-0.5	11.1	22.8	-6.2
-30.6	-27.9	-14.5	-2.4	-7.7	-13.8	-16.9	-29.7	-9.1	-29.4	-21.2	-11.9	-27.8	-13.7	-22.3	-18.3	-16.5	-30.5	-16.9	-6.6	-2.5	-26.3
-20.5	-15.2	3.4	9.3	7.9	6.2	-0.3	-6.4	6.8	-12.2	-3.6	8.1	-7.3	5.8	-1.3	0.9	2	-9.8	1.1	5.2	-2.8	-5.9
-2.6	1.9	19.6	18.7	18.8	22	21.4	16.7	25.2	7.4	15.9	21.5	14	21.2	17.2	19.1	19.5	13.5	19.4	24.4	14.3	15.4
22.3	24.2	35.5	31.1	34.4	39.7	39.9	34.6	40.6	28	36.3	38	32	38.4	34.7	34.5	37.1	32.5	37.3	35.3	28.7	32.2
40.2	41.9	47.2	44.9	46.8	52.4	54.5	50.1	54.4	42.9	51.9	50.6	46.9	51.7	47.7	46.4	51	47.5	51.5	49.5	41.8	47.3
59.7	61.6	63.2	58.7	58.3	65	68.9	65.7	68	60.1	68.5	65.2	62.1	65	64.4	64.7	63.2	64.5	65.8	58.8	51	63.6
59.5	60.7	64.6	54.8	57.9	64.3	65.4	64.3	65.2	59.3	64.8	63.5	62.1	62.5	62.9	64.3	61.7	64.9	62.2	62	53.5	63.8
57.4	58.4	62.7	54.7	57.7	62.8	62.2	63.5	62.6	58	63.6	63	61.5	61.8	62	62.9	60.2	63.7	61.2	60.4	60.6	63.4
41.4	41.3	50.6	45.8	45.6	50.8	51.8	48.3	52.5	43.1	51.2	50.1	46	50.1	47.8	48.7	47.8	45.9	49.3	50.7	50.3	46.6
15	17.5	27.8	22.2	25.4	28.3	28.5	25.6	30.7	20	29.4	27.7	23.2	26.3	24.2	25.5	25.4	23.6	24.9	31	34.6	24.7
-16.6	-14.1	4.5	6.6	6.7	7.7	4.3	-3.4	8.7	-10.6	4.2	3.6	-6.5	4.5	-4.1	0	3.3	-4.5	0.6	12.3	21.1	-3.4
-43.9	-43.2	-9	3.7	4	-3.5	-4.7	-19.1	1.3	-39.9	-8	-5.4	-19.5	-4.1	-23.3	-18.9	-5.8	-33.6	-6.9	4.3	8.4	-21.8
-35.3	-33.3	-19.4	-5.7	-9.2	-16.9	-20.3	-31	-13.2	-34.6	-23.3	-14.6	-29.7	-18.6	-24.5	-24.2	-19.7	-30.6	-20.8	-11	-11.4	-28.1
-30.7	-22.8	-3.4	3.1	4.1	1.8	-4.8	-12.7	2.5	-17	-7.3	1.7	-11.8	0.9	-6.7	-6.1	-1.5	-13.2	-3.1	0.6	-4	-10.6
-4	-0.7	15.9	16	19.7	20.2	16.9	12.9	20	2	14.5	19.8	8.9	17.9	14	14	17.4	7.2	14.9	17.3	9.6	9.2
15.4	19	32.6	29.2	31.8	36.8	37.1	34.2	38.4	22.6	34.6	35.5	29.6	35	33.2	31.6	36.4	28.7	34.4	34.5	28	30.2
41.1	42.9	49.3	42.6	47.1	53.9	51.9	50.3	52.1	44.3	50.9	55	47.3	53.3	51.4	48.9	51.4	48.25	50.5	46.9	37.9	48.3
62.3	63.8	64.7	58.6	59.2	66.4	67.7	67	67.4	62.6	67.4	66.2	65.2	65.2	65.7	65.7	64	67.8	66	57.5	48.9	66.2
66	68.2	64.3	56.6	58.9	65.6	65.8	66.2	66	64.6	65.7	64.4	64.8	64.8	64.3	65.1	62.8	68.2	63.7	61.4	52	66
59.5	61	63.6	56	58.5	63.4	63.6	64.8	63.6	60.9	64.4	62.7	62.2	63.3	63	64.1	61.8	65	62.1	60.9	59.5	64.1
40.9	41.6	48.3	44	45	50.2	50.6	47.4	51.4	41.1	50.2	49.7	45	48.4	46.7	47.1	48.6	45	47.1	50.7	49.4	45.6
21.1	24.3	34.8	30.5	30.8	34.3	33.8	31.9	36	26.6	35.5	34.5	28.8	33.5	31.7	32.4	32.9	30.2	31.7	34.7	37.8	31.2
5.5	8	24.7	21.9	21.5	25.7	21.9	15.8	26	12.3	23.5	26.7	15.4	23.2	21.8	21.9	20.9	17.1	20.6	24.9	30.7	19.2
-24.9	-23.6	-3.1	3.8	-1.4	-0.5	-3.2	-15.2	1.3	-19.9	-5.2	-3.2	-15.7	-3.4	-11	-9.4	-4.2	-17.7	-5.5	5.8	17.2	-15
-23.4	-11.5	12.8	14	14.1	13.2	5	1.4	13.4	-4.8	5.7	18.6	2	11.8	10.8	10.9	7.7	1.6	8.6	13.7	16.8	4.8
-11.3	-5.5	14.7	16.3	16.3	15.2	8.7	7	15.8	0.3	6.8	19.4	7.6	14.6	11.7	11.7	13.7	4.2	11.3	14.5	12.5	9.7
11.2	13.2	22.7	22	23.8	27.5	23	18.2	27.9	13.9	19.7	26.8	17.4	25.1	22.4	23.1	25.2	17.3	22.4	25.6	20.9	18.6
19.8	21.5	31.4	25.4	27.9	34.5	34.7	31.1	36	21.8	32.9	33.5	27.4	33.1	30.2	30	33.6	28.7	31.9	32.9	25.5	29.3
46.3	48	52.4	44.6	47.4	54.3	54.4	53.2	55.2	48.3	52.5	55.4	50	54.8	53.4	53.3	52.1	51.7	53.4	47.7	42	51.2
57.9	59.1	60.1	53.8	56.1	63	64.1	62.4	63.9	58.7	62.7	62.9	60.8	62.7	60.7	60.7	60.7	61.7	61.2	56.6	49.4	60.8
65.7	68.1	69.4	60.5	62.1	67.6	70.3	70.1	70.4	66.1	70.4	67.7	67.4	68.2	68.4	69.4	68	69.8	67.4	64.2	58.7	69.3
57.5	58.4	62.7	57.2	57.2	63.5	65.1	64.5	65.5	56.5	64.8	61.9	62.2	62.9	59.7	61.2	62.3	62.1	63.9	61.9	63.1	62.8
41	44	50.7	45	45.1	50.8	51	48.5	52.3	44.3	50.8	51.5	46.5	50.2	47.8	49.2	49	47.3	50.2	49	51.1	47.6
19.4	21.6	29.8	22.6	26.7	30.8	29.8	25.2	31.6	22.4	30.2	29.8	23.2	27.8	27.1	27.7	27.3	24.5	25.9	31.1	33.4	24.3
-9.6	-6.3	14.5	13.5	14.7	15.1	7.8	1.5	14	-3	12	14.4	2	11	6.5	10.4	9.2	2.8	7.2	16.4	24.5	5.2
-37.9	-33.3	-6.8	5.8	-3.9	-9.9	-9.1	-21.8	-1.5	-29.2	-10.6	-8.1	-19.3	-8.6	-16.2	-13.3	-10.8	-26	-9.9	0.8	11.7	-21.3
-24.4	-18.3	2.9	9.2	7.3	2.5	-2.7	-11.1	6.2	-15.7	-4.4	6.3	-7.5	3.6	-0.9	-0.6	-1.1	-11.8	-0.5	4.7	2.3	-6.6
-12.7	-7.6	9.4	12.9	10.4	10.9	6.3	-0.1	13	-4.6	3.1	12	1.1	10.7	4.7	7.3	7.9	0.2	7.7	10.2	5.6	2.1
9.3	11	18.8	17.2	17	21.2	17	14.6	23.3	9.9	14.2	21.6	14.2	19.9	17.2	19.3	18	14	19.9	19.2	11.1	15.4
24	26.7	33.7	28.3	29.7	36.4	38.4	35	39.8	26.6	36.4	35.4	31.4	35.7	33.5	32.8	36.5	32.1	35.6	35.4	29.3	33.7
37.8	39.6	47.3	41	44.5	50.4	50.4	48.1	51.7	39.7	50.4	50.3	44.6	50.6	47.3	46.3	48.5	44.5	48.4	45.6	38.5	46.2
57.9	58.4	62.6	54.7	57.9	63.1	63.9	59.8	63.9	58.5	63.7	63.7	57.7	62.1	61.5	61.6	60.4	61.7	60.9	55.8	48.6	60.1
63.7	65.3	64.9	56.3	58.7	65.2	66.6	65.7	66.8	63.6	66.9	65.1	64	64	65.1	65.5	63.4	67.3	65.1	60.9	55.6	66.2
55.2	57.7	60.3	49.4	53	59.8	59.6	60.2	60	56.3	61.2	59.9	57.5	58.9	59.4	60.1	58.3	60.2	57.6	56.6	57	58.6
43.7	44.2	48	41.7	44.5	49.2	48.2	46.2	49.3	43.1	48.2	48.5	44.3	47.7	47.2	47.4	46.6	45.8	45.6	47.5	49.5	45.7
20.6	22.8	33	29	30.4	34.4	35.3	31.8	36.7	26	35.7	35.3	29.1	33	30.6	31	33.2	28.8	31.5	35.2	37.4	29.7
-10.4	-6.1	11.9	9.7	11.4	10.7	9.1	2.2	14	-5.2	10.3	12.4	-1	8.8	4.4	7.5	5.6	-2.3	6.9	16.5	23.3	-1
-9.7	-4.8	8.6	10.7	7	5.1	-1.1	-6.4	5.8	-1.2	-1.4	11.1	-4.5	5.4	4.5	5.2	-0.9	1.1	1.7	9	22.7	-0.2
-28.8	-18	3	7	3.1	1.5	-3.8	-10.4	3.8	-12.5	-4.9	4.1	-9.1	1.7	-1.2	0.3	-2.2	-7.7	-2.9	4.9	7.9	-6.5
-21.8	-13.5	8.5	11.1	11.5	12.1	6.4	1.1	13.8	-6.5	3.4	13.6	1.6	11.7	6.6	7.3	10.1	-0.7	7.1	12.5	7.8	2.6
-2.9	3.7	15.3	12.6	12.6	18.3	12.5	12	17.9	7.6	9.5	18.6	11.1	16.3	12.7	14.2	13.6	13.2	14.5	15.3	10.8	13.3
18.1	23.5	31.9	29.7	31.8	35.4	37.1	33.4	37.9	24	33.3	35.2	28.8	34.2	30.6	31.1	34.7	28.3	34.3	33.2	28.3	29.3
36.9	39.3	47.5	40.9	45.7	50.8	50	47.6	50.6	40.6	48.5	51.2	44	50.3	47.8	46.1	49.9	44.2	47.2	45.8	37.9	44
56	58.9	62.9	54.6	57.1	63.9	64.4	63.8	64.4	58.4	64.4	64	61.1	64	63.4	63.4	62.6	61.8	62.5	56.5	47.7	61
59.1	61.3	63.7	57.1	58.4	64.4	65	64.5	65.2	59.7	65.3	63.7	63	63.9	62	63.4	63	64	63.3	59.8	52.3	64.3
53.4	55.5	59.8	51.6	54	59.9	59.7	59.4	59.9	54	60.3	58.7	57.1	59.2	57.4	59.6	57.3	58	57.5	57.2	54.7	58.4
41.4	43.6	48.9	43.3	42.4	48.8	50.6	48.6	51.3	44.7	50	49.7	47.5	48.5	47.8	47.5	47.5	47.9	47.6	49.1	49.3	48
19.6	24.5	37.5	33.5	33.5	37.3	37.8	33.2	39.9	28.2	38.3	38	32.4	36.4	34.5	34.3	34.7	32.4	36.5	38.8	40.1	33.2
2.5	3.6	22.7	19.6	15	19.9	16.7	11.3	22.9	7.2	18	22.4	12.1	19.5	17.2	19.2	14.7	12.5	16.1	23.6	29.5	13.6
-36.4	-31.2	-4.2	7.3	0	-3.9	-1.1	-15.9	4.7	-23.9	-6.7	-6.6	-16	-2.9	-16.7	-11.9	-3	-21.7	-5.1	9.5	18.3	-16.9
-25.1	-16.8	0.6	2.6	-3	-1.4	-5.4	-12.9	0.9	-14.6	-7.9	2.8	-13.2	-1.1	-1.5	-2.7	-5.6	-14.9	-6	3.1	1.8	-12
-26.9	-21.2	-8.5	-3.5	-7.5	-7.5	-11.2	-15.8	-3.8	-18.8	-16.4	-6.9	-16.9	-6.5	-12.5	-9.5	-8.4	-19.8	-8.3	-4.8	-12.9	-15.2
4.5	6.9	19.6	18.4	19.4	22.2	19.1	14.8	23.4	8.1	15.6	23.8	12	21	18	18.9	19.7	12	18.8	21.1	11	12.9
24.4	25.4	33.2	28.6	31.9	38	37.6	34.3	37.9	25.6	35	37.2	31.4	36.9	32.6	32.5	37	31.4	34.2	34.2	26.7	31.7
44.4	47.2	46.3	37.5	41.5	48	49.2	47.9	50.5	44.9	48	49.2	46	47.8	47.6	46.4	46.8	47.9	47.2	45.9	38.6	47.2
58.5	60.7	58.8	51.7	53.9	60.7	61.8	60.5	62.1	57.3	60.8	61.5	58.5	60.1	59.8	59.7	59.6	60.4	58.3	56.7	47.2	59.4
62.2	64.7	68.7	59	62.1	67.9	68.3	68.1	69.4	64.3	67.9	69	65.7	67.4	68.7	68.7	65.6	68.2	65	59.05	55.7	67.7
53.4	56	61.2	54.5	57.4	61.6	62.8	60.1	63.5	55.5	62.9	61.9	57.8	61.4	59.6	60.9	61.3	59.6	59.6	61.4	60.3	59.3
44.6	46.2	48.6	43.2	44.7	47.9	49.9	47.7	51	45.3	49.6	48.3	45.6	48.2	46.8	47.4	46.7	47.2	47	49.5	50.3	46.9
21.7	24.9	38.2	34.3	36	40.6	40.1	36.2	42	29.6	39.6	40.5	34.6	39.5	36.4	36.1	38.7	33	36.1	41.6	39.9	35.3
-8.8	-2.9	19.4	16.2	17.3	20.3	18.1	13.7	22.4	2.2	21.6	20.2	10	20	15.7	16	18.6	5.5	15	23.05	26.6	11.6
-28.3	-25	-5.5	3	-4.3	-5.4	-6	-18.4	-0.3	-21.3	-8.8	-7.7	-19.9	-5.5	-14.4	-10.9	-6.8	-21.2	-10	4.5	18	-19.7
-42.9	-35.5	-9.5	-0.3	-5.5	-9.6	-10.9	-18.6	-2.7	-31.7	-12.6	-11.1	-19.3	-8.1	-22.8	-16.8	-11.4	-26.9	-11	-1.8	3.4	-21
-21.4	-17.4	-7.1	3	5.5	-1.5	-4.1	-13	3.2	-17.2	-8.3	-0.8	-15.6	-1.1	-11.5	-10.4	-2.7	-17.2	-5.2	1.1	-3.6	-15.5
-2.8	1.3	16.3	16.7	18.3	19.6	17	13.4	22.4	4	13.8	20.3	10.5	19.1	13.4	15.7	16.4	9.6	15.1	20.2	13.9	9.9
15.8	19.3	25.9	20.6		27.6	30.1	25.8	31.5	18.9	26.9	27.6	23.2	26.6	23.6	25.3	25.3	24.3	25.4	28.5	23.3	23.6
39.9	42.2	45.1	36.5	40.4	47.1	47.3	45.6	48.6	41.9	45.8	48.3	44	47	47	45.5	46.3	45.8	44.6	43.4	37.1	45.2
57.5	59.4	62.1	51.3	55.7	61.7	61.8	61.3	61.6	58.9	61.4	63.4	59.1	61.3	64.2	63.5	59.4	62.7	58.5	54.1	45.9	60.7
62.9	64.3	67	56.4	59.6	65.1	66.4	68.1	66.6	62.2	66.8	66.4	65.7	65.1	66.5	68.2	63.9	67.6	64.3	58.7	53	67.5
53	53.7	56.5	52	51.8	56.9	58.8	57.6	60	53.5	58.1	56.2	55.9	55.9	55.3	55.9	57.2	56.6	56	56.9	53.5	57
44.1	44.2	51	43.9	46.6	51.2	49.9	47.6	51.6	43.9	49.9	51.5	45.6	51.1	48.7	48.7	49	45.5	49.1	49.5	47.5	46.3
14	15.7	31.4	29.8	31.2	34.2	34.5	27.6	37.4	18.5	33.1	31.9	25.2	31.7	25.5	27.4	32.3	23.6	31.7	35.5	35.7	26.3
-14.3	-11.1	14.2	17.1	17.5	17.5	16.8	8.1	21.1	-6.9	18.4	17.2	3.7	16.5	7.9	9.1	16.4	-1.6	12.3	23.1	24.4	2.6
-18.3	-12.5	7.9	13.3	9.6	7.4	2.1	-8.4	10.3	-8.3	0.6	10.8	-7.4	8.1	4.1	3.8	1.9	-5.5	2.5	12.1	21	-4.6
-9.8	-3.1	6.4	12.1	6	3.7	1.4	-6.3	9.4	-3.1	-0.9	9.4	-5.1	5.2	4.8	5.1	2.1	-1.4	3.7	8.7	5.7	-3.4
-27.8	-19.6	6.9	14.4	13	8.1	7.4	1.4	14	-12.2	6.5	10.9	1.3	10.5	0.8	3.3	8.2	-2.4	10.8	12.4	7.9	1.9
-3.8	-1.9	15.6	14	14.7	17.7	15.2	12.8	21	0.1	12.9	19.5	9	17.6	12	13.5	15.8	6.6	15.6	16.6	9.6	8.3
32.1	32.8	40.1	33.6	37.1	42.1	41.4	39.5	43.7	32.6	39.1	42.9	35.1	41.4	39.3	38.2	40.5	37.2	39.6	40	30.9	36.4
42	44	48	44.1	45.1	51.7	53.5	49.4	54	44	49.5	51.4	48.4	51.6	48.6	46.6	50.6	47.9	50.7	50.3	41.6	48.7
56.5	55.8	57.4	51.3	52.4	58.8	60.8	59.2	61.3	54.4	59.5	59.1	56.8	59.2	57.9	56.7	58.3	58.4	58.4	56	47.8	58.2
59.5	62.1	68.7	60	62.2	67.8	67.7	67.4	68.2	60.9	67.9	68.2	64.3	67.6	66.6	67.4	66.4	65.4	65.5	64.5	58.2	65.5
56.3	57.7	62.3	55.4	55.8	61.2	63.4	62.6	64.3	58.9	63.3	61.1	60.8	62.1	59.5	60.7	61.9	62.6	61.2	61.6	61.7	62.5
42.7	42.9	51.2	46.5	47.8	53.7	53.2	51	54.4	43.4	53.5	52.6	48.2	52.8	48.6	48.8	51.7	48.8	50.4	52.6	53.3	49.1
24.8	26.9	34.7	29.1	29.4	35.7	34.3	31.5	36.9	28.8	34.3	36	30.6	34.4	32.8	32.3	32.3	31.8	32.1	35.1	38.5	31.4
-3.7	2.4	19.9	18.6	17.5	19.6	16.5	10.3	21.8	5.4	18.6	19.9	8.1	19.2	15.3	15.7	14.9	9.9	13.9	22.8	27.1	11.3
-18.6	-10.2	10.8	10.7	7.8	7.1	2.7	-1.7	10.1	-7	2.5	11.1	-1.8	8.7	6.7	7.3	2.9	-4	4.2	12.5	23.6	-2
-25.3	-22.8	-8.2	-0.9	-5.9	-9.2	-11.9	-18.4	-3.8	-22.2	-14.9	-7.5	-17.7	-7.9	-17.6	-12.7	-11.1	-20.3	-11.1	0	1.5	-16.7
-7.5	-3.1	7.5	6.9	5.7	6	0.2	-3.6	8.8	-2.4	-1.8	10.5	-2.7	7.6	4.7	6.2	4.9	-0.9	2.7	6.4	2	-0.3
13.1	16.4	25	24	24.1	29.6	25.7	21.8	29.4	16.7	22.6	28.2	20.3	28.6	23.4	24.3	26.2	22.2	25.2	24.5	18.2	22.6
14.6	18.9	31.7	30.3	31.9	36.9	36.8	34	38.5	22.7	34.8	34.6	30.4	36.4	31.5	30.2	36.3	29.3	34.4	34.6	28.3	30.6
40.1	42.9	45	38.2	41	47.2	47.5	46.4	49.4	43.4	46.3	47.8	44.1	47.2	46.5	45.7	45.9	46.3	44.6	45.9	37.9	45.9
60	62.6	61.3	53.9		65.1		65	63.9	61.7	65.2	65.1	62.7	64.3	63.2		62.7	66.2		55.7	50.7	
59	60.7	64.1	57.7	59	65.9	66.5	66.1	67.7	61.2	68.1	65.5	63.8	65.9	63.4	63.5	65.6	65.7	63.7	61.8	55.7	65.7
54.9	55.5	58.3	52.3	54	58.9	59.4	58.9	60.3	56.1	60.2	58.8	55.8	58.5	57.4	57.5	59.3	58.3	56.3	57.3	56.5	57.6
40.7	42	47.2	43.1	43.3	48.5	50	47.7	51	42.3	48.7	48.7	45	48.8	47	46.3	48	45.3	46.5	49.7	49.1	45.7
26.8	30.2	36.4	30.7	33.1	37.6	34.7	33.3	37.6	31.7	35.1	38.1	31.6	36.8	34.6	34.9	34.3	33.6	32.5	36.8	39.5	33.4
-11.3	-3.7	21	19.4	21.1	22.9	18.4	11.1	23.8	4.8	18.4	22.7	9.1	20.1	16.2	17.7	17.2	10.5	14.3	25.1	27	10.2
-27.2	-21	0.3	4.7	0.8	-1.2	-2.8	-8.1	3.8	-15.7	-5	1.2	-10.7	-2	-7.3	-3.6	-3.8	-8.1	-3.8	8.4	16.6	-7.9
-21.4	-17.9	-3.8	5.3	-1.9	-5.1	-4.6	-19.8	3.7	-20.6	-11.3	-1.5	-17.3	-1.8	-9.7	-5.9	-5.4	-17.1	-7.2	4.9	-1.6	-16.9
-31	-26.1	-7.2	0.1	-0.6	-5.2	-4.6	-10	2.4	-20.8	-9.2	-3.8	-10.3	-3.6	-13.8	-9.4	-4.4	-15.9	-4.8	3.1	-1.6	-10.7
-7.4	-4.4	13.8	13.8	16.8	16.6	14.2	11.3	20.8	-0.9	10.1	17.8	7.9	17.1	10.2	12.4	15.7	6	13.4	18	9.7	7.2
29	31.2	37.6	34.5	35.9	40.7	42	39.4	43.3	34.4	38.5	40.9	37.3	40.7	38	37.7	40.3	37.3	39.6	38.5	32.2	37.3
38.5	40.1	46	43.5	44.3	49.7	51.3	47.6	52.2	40	48.3	49.3	44.9	49	45.4	44.4	49.8	44.4	48.6	49.1	40.5	44.9
60	61.8	57.7	50.1	51.5	58	59.7	60.6	60.3	59.7	59.5	58.8	58.5	57.7	58.9	59.3	57.3	62	57.5	54.4	48.1	60.3
60.8	62.6	65.3	56	58.6	63.8	65.9	65.2	67.1	61.6	65.4	65.4	62.2	63.8	64.5	65.4	63.8	65.3	63.3	61.6	57.7	64.3
55.6	56.4	59.7	52.1	54.8	59.9	61	61	61.9	56.5	60.2	61	58.5	59.4	59.3	60.1	58.6	59.6	58.6	60	58.7	59.4
43.4	44.9	46.4	39.1	42.1	47.1	47	45.6	48	44.1	46.6	47.4	44	46.3	45.6	46.1	45.5	45.9	43.8	47.4	47.2	45.8
21.7	23.6	32.2	27.5	28.7	31.6	34.4	28.5	36.4	24	33.3	31.9	26.7	30.8	29.9	31.2	31.4	27.8	30.1	35.2	35.5	28.6
-17.4	-15.2	7	10.8	11.9	11.6	8.1	0.6	14	-13.6	9.7	7.3	-2.4	10.7	-2.1	1.6	9.2	-9.2	5.1	16.7	22.9	-4.4
-38.3	-36.6	-9.6	2.3	0	-8	-9.1	-24.1	-1.4	-34.3	-11.1	-6.2	-23.6	-7	-20.4	-15.7	-9.2	-30.7	-11.3	1.6	12.5	-25.5
-30.2	-25.3	-14.3	-4.6	-10	-13.8	-12.7	-20.9	-6.2	-27	-15.4	-12.5	-22.8	-13.7	-20.1	-17.4	-13.8	-26.7	-14.2	-3.6	-3.4	-23.5
-24.6	-21.8	-9.2	-4.1	-6.3	-10.2	-11.2	-15.3	-3.8	-19.1	-15.5	-8.3	-16.2	-8.7	-15	-11.9	-10	-15	-9.8	-2.2	-5.5	-14.6
-3.6	-2.7	11.8	8.6	12.1	12.8	9.9	6.7	15.3	-1.2	6.4	14.8	4.6	12.5	8.9	9.2	9.1	3.8	9.8	12.8	7.5	3.3
17.9	20.1	27.6	20.5	26.8	31.8	30.7	26.8	32.4	19.3	26.7	32.6	21.8	29.2	27.7	26.7	29	24.6	26.1	27.9	22.1	23.8
43.3	44.8	44.7	38.7	41.1	47.4	49.4	47.4	50.3	43.6	46.7	48.1	45.6	48.1	47.1	45.3	46.9	46.9	47.6	45.9	38.8	45.9
56.8	58.9	58.6	52.9	54.9	61	61.8	61.7	61.3	59.6	60.2	63.5	59.8	61.8	61.9	61.4	59.3	63.2	60.2	55.6	46.8	60.7
62.5	63.9	66.8	59.3	60	65.6	67.9	67.9	68.1	63.6	68.4	66.9	65.2	66.8	66.9	67.5	66	66.8	65.6	61.6	54	65.7
54.5	54.6	57.1	51	53.4	58.2	58.7	58.8	59.3	55	58.2	59.6	56.4	57.7	57.2	58.6	57.3	57.6	57.1	57.5	55.3	57
37.9	38.3	48	43.7	44.3	49.3	50.2	46.9	51.5	40.9	48.6	50.1	45.2	49	46.3	46.3	48	45	47	49.5	48.1	44.9
17.9	22	35.3	30.3	35	37.2	36.8	32.6	39.4	25.6	36.7	37.8	29.8	36.8	35.1	32.4	35.6	29.6	32.9	37.5	37.5	29.4
-1.5	3.5	21	17.7	20.2	21.3	18.8	12.8	23.2	6.9	20.2	21.9	9.6	20.2	16.7	16.6	16.3	9.9	14.7	22.1	27.9	11.5
-38.2	-33.4	-11.4	-0.6	-1.6	-10.6	-8.9	-18.6	-2.3	-30.7	-13.4	-9.9	-20.6	-8.6	-19.3	-16.7	-9.9	-25.5	-12.3	1.8	10.7	-21.6
-26.8	-23.2	-12.4	-1.9	-6.9	-13.2	-15.3	-22.6	-6.4	-23.1	-19.5	-11.3	-23.1	-9.6	-15.5	-15.9	-10.4	-24.2	-14.7	-4.9	-6.3	-22.1
-19.6	-14.1	5.1	9.4	8.5	6.3	0.4	-1.4	9.3	-10.3	-2	8.9	-2.7	7.7	-0.6	2.4	3.8	-4.3	3.1	6.7	2.2	-4.1
11.2	13.5	21.8	17.2	17.8	22.1	18.4	17.1	23.7	13.8	14.4	24.5	15.5	22.2	21.7	21.2	18.9	18.5	17.8	21.7	13.8	17.4
30	31.8	39.6	33.6	37.9	42.9	42.1	39.5	43.7	34.1	37.6	43.7	36.7	42	41.4	39.1	40.7	38.7	39.8	39.5	30.3	37.5
45.9	46	47.9	38	42.3	49.1	49.1	47.5	49.9	45.5	47.8	50.8	45.2	49.5	48	47.3	47.1	48	46.1	46.4	38.6	46.1
59	60.1	65.1	55.5	58.5	64.5	65.9	64.4	66.3	60.7	64.9	66.5	61	64.6	62.9	63.7	61.7	64.5	63	58.2	48.8	61.8
62.8	62.9	64.2	54.7	57.6	63	64.5	64.3	64.5	62	64.1	64	63.3	63.5	62.7	64.8	61.6	65.6	62.9	59.6	51.9	64.4
57.8	57.8	62.5	55.1	56.6	61.6	61.9	61.8	62.7	57.8	62.7	62.7	59.9	61.4	59.6	61.3	60.7	62.3	59.8	59.5	57.4	61.1
40.4	41.7	47.6	40.5	43.3	46.5	48.4	45.5	49.1	42.1	47.2	47	42.9	46.2	45	46.2	45.8	44.2	45.2	47.5	46.7	43.6
26.1	29.4	41.8	35.7	36.9	40.5	39.3	36.4	41.9	31.7	38.9	41.3	35.8	40.9	37.6	39.3	38.7	37.7	38.1	39.8	43	37.4
-9.5	-4	17.8	15.5	14.4	13.7	13.7	3.7	18.5	-2	14.4	15.7	4	14.3	8.7	13.5	9.4	3.4	9.2	18.7	27.2	5.8
-19.5	-14.4	3.9	8.2	3.5	2.7	-0.3	-10.7	5.3	-14.6	-2.1	4.7	-11.6	4.1	-5.3	-1.2	-0.5	-13	-2.6	9.7	20.2	-10.7
-28.7	-26.2	-9.3	-3.2	-4	-9.9	-10.7	-16.6	-3.6	-25.1	-16.1	-6.3	-18.8	-7.3	-16.2	-12.6	-8.8	-19.4	-11.4	0.8	4.4	-16.1
-13	-11.8	0.6	2.3	0.9	0.8	-2.9	-5.2	3.9	-10.6	-7.9	3.9	-8.1	1.7	-2.2	-0.7	-0.6	-8.2	-4.3	4.7	-0.9	-7.3
-3.4	-1.8	14.9	15.4	16.3	18.2	14.1	12.3	20.3	2.4	9.3	19.9	8.5	17	12.6	13.7	14.1	7.9	13.2	17.9	10	8.9
20.9	23	34.2	27.4	32	37.2	37.9	34.6	39.2	26.7	34.1	37.4	31.5	36.1	33.9	32.8	35.9	31.5	32.8	37.4	30.5	32.1
43.1	44.3	48.3	40.8	42.1	48.9	50.5	49.8	51.3	44.4	49.4	50.7	46.7	50.4	47.9	47.5	48.9	49.1	47.8	47.6	40.3	47.6
56.7	56.3	61.9	52.2	56.4	60.8	63.4	61.8	63.9	57	63.6	63.9	58.5	61.1	60.9	60.4	60.1	61.1	60.1	56.9	49	60
64.2	64.9	65.3	54.9	58.9	63.8	65.6	66.3	66	64.2	64.9	66.3	64.4	63.4	65.1	65.8	63	67	62.3	60.3	57.2	65.3
52.1	53.7	57.6	51.7	54.8	58.7	60.2	58.9	60.3	52.8	59.8	58.4	55.4	58.4	55.5	56.2	58.5	56.7	55.8	58.4	57.7	55.6
45.6	48.4	51.8	45.5	48.2	52.1	52.3	49.5	53.4	47.7	50.9	52.3	48.2	51.6	49.4	50.9	49.4	51	50.1	52	51.8	49.3
15.9	19.6	32.9	26.7	29.6	32.6	31.3	28.8	34.8	23	32.2	32.4	26.6	30.8	29	29.9	30.3	28.9	27.7	34.4	37.1	28.5
-15	-9.3	15.8	11.9	13.4	15	9.5	5.9	16.2	-4.5	11.7	16.2	6	13.3	8.4	10.7	8.1	3.4	7.7	17.2	25.6	5.8
-35.8	-29.7	-13.4	-4.8	-9.3	-13.1	-13.7	-25.8	-6.7	-31.8	-16.7	-14.5	-25.4	-13.5	-24.3	-20.2	-14.2	-27.5	-17.9	-2.9	9.7	-25.8
-34	-25	-5.5	5.3	0.5	-6	-10	-18	-1	-24.6	-12.5	-2.5	-19.6	-3.9	-12.3	-10.1	-6.2	-21.9	-9	-1.6	-5.3	-18.5
-22.7	-15	-1.6	0.7	3.3	-0.3	-5.1	-9.7	3.2	-12.8	-8.7	2.5	-9.6	0	-5.8	-4.1	-2.1	-7.8	-4.7	1.1	-5.4	-7.9
-6.7	-2.2	13.5	14.4	19.1	17.9	16.1	9.4	20.4	-0.1	11.6	18.6	6.6	15.7	10.4	10.7	15.4	5.3	12.3	15.5	6.4	7.1
22.9	25.2	33.4	27.8	32.2	37.4	36.4	31.9	37.5	25.9	32.6	38.8	28.5	34.6	34.1	32.6	33.4	29.1	30.6	33.4	23.8	29.1
46.8	46.8	45.6	40.9	43.1	49	50.3	48.5	50.6	41.9	47.4	48.6	46.4	49.3	47.7	46.7	48.4	47.5	47.8	46.2	38.6	47.1
59.4	60.4	58.9	50	52.4	59.6	61	59.2	60.9	57.9	59.6	60.3	56.1	59.8	61.3	60.9	58.1	60.4	57	54.8	46.3	58.3
59.2	61.3	62.9	54.8	58.3	62.9	65.9	63.9	66	58.6	64.8	63.5	60.6	62.4	63	62.9	62	62.5	61.5	60.7	52.4	61.3
55.9	57.6	62.5	55.1	57.7	61.9	65.1	61.6	65.7	57.1	64	62.1	59.2	61.1	61.9	62.9	61.3	61.3	60.3	61.9	61.8	60.5
40	41.6	45.9	39.5	43	46.2	48.3	45.3	49	41.5	47.5	45.1	42.9	45.3	44.9	45.2	45.7	44.9	44.1	47.6	48	43.1
21.9	23.7	35.2	29.4	32.4	35.9	34.4	28.9	36.6	26.5	35.5	36	27.2	34.8	32.6	32.4	32.2	30.4	30.3	35.1	36.6	30.7
-0.4	5.7	25.4	22.1	24.7	26.8	23.5	15.8	27.7	13.8	24.2	27.3	15.6	25	22.8	22.1	22.8	17.2	20.4	28.1	31.2	16.8
-12	-6.1	14.4	13.4	12.3	13.8	6.7	-3.3	13.9	-6.1	6.1	15.8	-4.9	12	10.7	9.3	6.2	-3.5	5.2	15.5	24.7	-3.7
-43.2	-33.7	1.8	5.5	5.7	0.9	-2.1	-9.3	6.5	-21.6	-2.7	5.7	-8	3.5	-2.7	-2.3	-2.8	-12.8	-1.2	9	10.7	-6.7
-30.2	-25.5	-2.5	-0.2	2.2	0.2	-5.6	-5.5	3.1	-19	-6.3	0.5	-7.5	0.5	-8.2	-6.2	-2.4	-12.6	-2.8	3.5	2.4	-7.3
7.6	11.4	22.5	21.6	22.9	25.8	22	18.8	27.4	13.7	16.9	26.7	17.1	24.8	21.6	21.5	21.9	18	22.6	23.4	16.7	18.7
34.3	35	41.7	37.5	38.1	44.8	45.6	42.3	46.2	36.9	42.5	45.1	39	45.5	42.9	41.8	43.3	40.5	44.1	39.7	33	40.3
44.5	44.4	45.5	38.2	40.9	47	48.8	46.3	48.8	43.5	46.7	46.7	44.8	46.9	46.7	45.9	45.6	47	45.7	44.5	40.2	45.6
58.5	59.4	60.8	50.9	53.4	60	62.2	60.7	62.1	57.6	61.9	61.3	58.7	60	60.5	61.2	58	61.5	58.8	55.7	50	60.7
65.7	66.6	66.3	56.5	58.5	65.8	66.8	65.7	67.4	63.8	66.6	66.4	64	65.6	66.5	67.2	63.1	68.3	63.2	63.9	61.5	65.2
55	56.5	60.9	53.9	56	61.8	62.3	60.6	62.8	55.9	62.1	61.3	57.8	61.7	60	59.4	59.1	59.6	58.6	59.4	61.6	58.9
37.6	39.1	47.3	41.4	41.9	47.2	48.1	44.9	48.7	39.6	47.1	46.5	42.7	47.3	44.2	45.2	44.8	43	45	47.1	49.8	44.1
18.4	21.3	32.4	30.7	30.4	31.7	34.2	28	36.9	22.2	33.2	32.3	24.9	30.3	28.4	29.5	29.9	26.8	29.6	35.3	36.5	25.9
-10.1	-2	18.9	15.7	16.1	16.1	14.3	9.2	20	3.8	16	17.7	8.7	15.8	12.3	14.7	11.8	8.6	12.8	20	28.2	9.7
-21	-14	8.7	8.3	6	6	3.7	-1.6	9.3	-11.1	3.1	10.8	-7.3	7.8	5.2	5	1.1	-7.9	1.5	12.6	20.4	-5.7
-24.5	-15.3	8.7	11.1	9.3	5.8	3.4	-1.9	12.2	-6.8	2.1	13.8	-3.1	7.3	7	6.5	2	-0.1	4.8	12	8.9	0.7
-6.3	-2.1	9.2	11.8	10.1	8.1	2.6	-1.9	10.6	-0.4	-1.9	14	-5.3	9.3	7.3	8.5	3.6	0.7	4.8	10.1	4	-0.7
8.5	12	21.8	17.3	18.1	23	19.7	17.8	25.2	13.1	15.2	24.3	13.2	23	19.5	20.9	19.3	16.4	19.4	22.5	14.5	15.5
22.2	24.2	37.8	32.8	35.9	41.1	41.5	36	42.4	26.2	37.3	42.3	29.4	41.3	38.1	36	39.8	30.6	37.8	37.7	29.1	
40.5	44.9	48.6	40.5	43.6	50.5	50.7	49	52.1	41.6	49.6	51.4	46.3	50.7	49.4	48	48.3	47.8	48.6	47.9	41.4	47.7
57.8	58.8	60.8	52.7	55.4	60.5	62.6	61	63.6	57	62.8	61.8	57.4	61.3	60.2	61.2	58.6	60.3	61.3	57.2	49.8	59.1
64.2	65.2	68.5	60.1	61.1	67.5	70.2	70	70.9	63.3	69.7	68.2	65.9	67.3	67.4	68.4	65.3	67.3	69.3	65	60.4	67.2
57.9	59.3	64.6	58.9	57.8	64.7	66.3	64.8	67.2	59.1	66.5	63.7	61.2	64.9	61.7	64.5	63	63.7	65.9	63.3	64.2	63.4
39.9	41.3	49.1	42.2	42.6	48.3	49.9	48.1	51.5	42.1	49.5	47.7	46.1	48.4	45.2	46.9	47.5	46.4	47.9	50.2	52.6	47.2
21.5	23.6	37.2	34.6	34.6	37.4	36.7	31.7	39.8	25.5	35.8	36.4	29.8	36.6	34.2	34.3	35.3	30.1	35.1	38.5	39.2	31.3
-11.2	-5.5	11.8	10.6	6.6	6.4	5	-0.5	11.7	-5.8	8	7.5	-4.1	7.3	3.4	8.5	3.5	-2	4.3	15.1	25.1	-1.6
-17.3	-5.5	14.5	13.9	9.8	8.1	6.6	-1.8	14.3	0	5	16.4	-1.7	10.7	9.4	10.3	4.6	2.3	5.7	15.4	23.8	0.4
-15.3	-15	-9.4	0.2	-7.4	-12.1	-13.8	-18.6	-6.6	-16.9	-18.7	-11.1	-21.1	-10.6	-16.7	-12.8	-11	-16.3	-14	0.1	2.6	-19
-11.5	-7.4	8.4	9.8	7.6	8.2	5	1.7	11.2	-4.8	-1.3	11.7	0.4	10.4	4.7	6.1	7.2	0.1	4.5	12.3	7.5	1.4
8.4	11.1	24.7	21.8	22.1	25.9	24.5	22.3	27.9	12.6	20.7	25.8	17.9	25.2	21.6	23.2	22.8	17.5	23.5	26.1	22.2	18.6
24.7	25	35.5	28.4	34.5	37.8	37.7	35	39.9	26.6	35.9	38.8	31.7	36.9	35.1	34.3	36.3	31.8	34.1	36.1	29.8	32.4
35.5	37.7	44.3	39.4	42.7	46.3	49.3	45.8	50.7	39.3	46.8	46	44.9	46.7	44.5	44.1	46.7	44.5	47.7	47	41.1	44.7
58.6	59.1	63.4	53.7	57	62.6	63.2	62.2	64.1	58	63.9	65.1	59.8	62.8	61.4	63.4	59.8	61.5	62	58.6	51.7	61.2
61.2	61.5	66.4	59.8	62.5	66.7	69.3	67.6	70	60.5	69.2	67.8	63.9	67.3	64.9	65.5	65.8	63.6	67.2	65.9	61.8	64.1
53.7	56.8	63.9	53.7	55.9	61.6	62.5	62.9	63.1	57.8	62.6	62.6	60.1	61.2	60.8	62.6	59.9	62	61.4	61.7	62	61.6
44.1	45.6	51.9	46	49.3	51.3	52.1	49	53.7	43.8	51.8	51.7	47.4	50.7	46.2	50	49.3	48.4	51	52.2	55.7	48.6
13.9	15.1	25	19.1	21.6	23.6	25.8	20.8	27.6	13.6	25.5	23.1	17.5	21.8	19	22.3	21.6	18.5	22.2	28.5	32.2	19.5
-15.4	-9.1	10.5	9.7	10.3	8.9	9	3.6	14.1	-8.4	8.6	9.8	-0.6	8.5	0.7	6	6.4	-4.3	5.7	16.2	23.3	-1.4
-28.4	-16.8	9.4	13.4	9.3	3.4	2.5	-7	11.2	-10.2	-1.8	9.4	-2.6	6.3	1.8	4.7	-0.1	-4.3	4.3	12	22.2	-1.7
-24.8	-15.5	1.3	7	3.4	-2	-5.2	-15.7	3.5	-13.7	-9.8	3.2	-13.9	-1.5	-4.7	-3.1	-4.5	-11	-5.2	4	6	-11.7
-12.3	-4.8	7.9	12.6	9.8	9.3	3.9	0.1	12	-1.6	-1.4	11.5	-0.3	9.6	4.8	7.8	7.1	0.5	5.7	10.8	4.7	1
12.9	17.3	26	23.2	24.1	27.6	23.4	21.7	28.7	18.6	16.8	28.4	17	26	24.9	25.9	25	21	23.4	23.4	11.9	19.8
23.8	29	37.8	33.4	36.5	40.1	42.5	38	43.6	31.2	39.2	41.6	35.1	40.5	38	36.4	40.3	35.7	39.5	40.9	31.7	35.4
35.4	40.4	48.4	44.4	47.3	51.9	53.5	49.7	54	43.3	50.8	52.5	48	51.7	48.4	48.8	50.8	47.9	51.3	47.9	39.6	48.5
60	63.2	64.2	56	59.3	64.8	65.7	65.2	66.2	60.7	65.9	66.5	62	64.9	64.7	64.3	62	63.9	63.9	58.7	49.9	63.3
58.5	62.9	65.8	58.3	59.1	65.3	67.5	66.9	68	62.2	67.1	66	64.7	65.3	65.1	66.4	64.7	66.3	64.7	64.1	57.3	65.3
56.2	59.7	62.2	53.1	56.2	61.2	61.7	61.6	62.5	57.8	62	61.8	60.3	61.2	60.9	63	60	62.8	60.3	60.2	61.4	61.2
35.1	39.2	44.9	43.1	44.3	47.1	49.2	46.4	49.9	39.7	48.3	47	44.7	46.5	43.4	43.6	46.7	43.3	46.3	48.8	48.8	44.9
19.4	25.4	33.5	29.4	29.3	34	35.2	30	37.1	24.9	33.6	34.3	28.5	33	32.7	32.2	31.3	27.9	31.5	35.7	36.7	29.3
-14.8	-9	14.1	14.5	15.9	17.5	13.6	3.5	17.9	-6.4	13.2	16.5	2.3	15.2	9.8	10.4	12.7	-0.4	9.9	18	23.5	3.2
-28.2	-19.2	5.7	9.7	8.2	9.9	5.1	-3.7	9.8	-16	3.3	12.2	-8.1	9.7	1.3	0.9	4.8	-12.5	1.5	14.2	17.3	-7.5
-26.2	-18.1	-7.6	-2.4	-5	-9.8	-11.1	-15.4	-4.2	-17.4	-14.6	-7.4	-14.8	-7.5	-11.3	-9.3	-9.7	-14.4	-11.6	-0.7	-0.2	-13.3
-24.5	-16	-1.1	4.4	3.4	2	-1.7	-6.8	5.1	-12.3	-6.2	4	-9.2	3.5	-4.1	-1.7	2.3	-10.1	-2.3	5.6	-1.4	-7.9
0.5	4.9	18.7	22.2	19.3	19.8	18.6	16.2	23.6	6.7	15.1	21.4	13.1	20.4	16	17.7	18.1	11.2	19.5	20.3	15.1	13.3
26.1	28.3	35.4	32.4	33.7	38.3	40.7	36.8	41.6	28.9	36.2	39.5	33	38.3	36.1	36	38.1	32.4	37.9	36.2	30.4	34
40.8	43.2	45.9	43.5	43.4	47.8	52	49.2	52	43.1	49.3	48.6	46.3	48.6	45.8	46.8	48.6	47.4	49.5	47.5	41.1	48.1
63.2	64.3	65	55.4	58.4	64	65.8	65	66.1	61.7	65.7	65.7	60.2	64.1	64.3	65.4	62.4	64.4	63.3	60.1	48.9	62.7
59.1	60.3	62.7	55.3	57.3	62.7	65.3	65.2	65.5	59	64.9	63.4	61.1	62.1	60.9	62.5	62.3	61.2	63	60.7	56.3	62.2
56.7	59.1	62.7	56.7	58.6	62.7	65.2	64.2	65.9	57.9	63.7	64.6	60.8	62.1	61.9	63.3	61.6	63	62.4	62.4	60.8	62.4
42	43.4	49.2	42	45.9	49.3	49.7	47.9	50.4	43.4	49.1	49.7	46.1	48.2	47.7	48.6	48.1	46.9	47.3	49.6	51.3	47.1
31.6	34.1	40.5	35.3	36.9	39.1	39.8	35.8	41.6	32.7	38.6	40.1	33.6	38.9	36.6	38.9	37.3	34.6	37.9	40.2	40.6	35
-10.5	-6	15.6	13.4	14.2	14.8	12.5	8.9	17.7	-1.7	15.3	15.6	7.8	12.8	7.6	12	11.5	5	12.3	18.7	26	8.7
-24.7	-19.9	-5.8	-0.2	-2.1	-4	-7.2	-14	-1.4	-17.4	-7.5	-4.1	-14.3	-2.6	-12.4	-9.7	-6.2	-13.3	-8.8	2.6	14.3	-12.7
-19.2	-11.4	3.4	7.4	3.4	-0.9	-2.6	-9.2	5.5	-9.6	-5.8	4.3	-5.9	3.2	-4.6	0	-2.3	-6.6	-0.1	6.4	6.3	-6.2
-7.6	-4.5	-0.8	3.8	1.9	-0.7	-4.1	-7.4	3.6	-5.1	-10.2	2.5	-6.9	-0.9	-2.6	-0.6	-3.1	-5.4	-1.8	1.8	-2.1	-5.9
