1	69.7	18.9
2	74.5	19
3	69.5	25.5
4	70.4	31.1
5	67.3	14.4
6	62.9	6.5
7	63.7	9.6
8	63.5	12.9
9	60.4	5.3
10	58.9	5.6
11	60	10.7
12	68.4	22.5
13	67	17.7
14	63.2	14.5
15	59.4	13.5
16	59.3	18.1
17	57.8	14.1
18	57.7	18.3
19	67.4	26.7
20	65	25.5
21	64.3	27.7
22	63.1	21.8
23	62.2	25.7
24	61.1	28.2
25	60.5	22.3
26	54.5	9.6
27	53.6	10
28	54.2	12.1
29	54.1	13.5
30	52.5	9.7
31	52.1	11.6
32	52.4	13.1
33	52.5	13.4
34	52.2	14.1
35	51.4	7
36	51.4	5.1
37	51.3	9.4
38	51.8	10.6
39	51.3	12.4
40	51.1	13.8
41	51.2	15
42	51	11
43	50.4	13
44	53.4	14.6
45	53.1	23.2
46	52.4	16.9
47	52.2	21
48	51.1	16.9
49	50	20
50	47.4	19.2
51	47.5	21.6
52	80.6	58.1
53	79.5	77
54	77.5	82.2
55	77.7	104
56	73.5	80.4
57	72.4	52.7
58	72	102
59	76	138
60	73.2	143
61	70.6	148
62	70.6	162
63	71	178
64	69	33.1
65	68.7	43.3
66	67.1	32.3
67	64.5	40.5
68	63.9	38.1
69	61.7	30.7
70	61.8	34.3
71	61	36.5
72	69.4	86.2
73	68.5	73.6
74	67.6	53
75	67.1	59.4
76	66.5	66.7
77	65.4	52.3
78	65.1	57.1
79	65.8	87.9
80	64.9	77.8
81	63.9	65.1
82	62.7	56.2
83	62.4	60.9
84	61.7	50.8
85	61.3	73.5
86	61.6	90
87	61.7	96.4
88	60.4	56.5
89	60.7	60.5
90	61	69
91	60.4	77.9
92	68.5	102
93	68.5	112
94	68.7	124
95	67.6	133
96	66.3	114
97	66.8	123
98	64.3	100
99	63.8	122
100	63.3	143
101	62.2	118
102	61.3	108
103	60.3	102
104	60.4	120
105	60.8	125
106	62	130
107	60.4	134
108	68.9	179
109	67.3	168
110	66.6	159
111	66.2	170
112	65.7	151
113	64.7	170
114	64.8	178
115	64.4	173
116	62.9	152
117	62.4	166
118	59.6	151
119	60.4	166
120	59.4	24.8
121	60	30.3
122	56.5	21
123	54.9	23.8
124	54.6	25.1
125	54.8	32.1
126	53.9	27.5
127	59.3	39.9
128	57.7	40.9
129	55.8	49.2
130	55.8	37.6
131	55	41.7
132	53.8	39.3
133	59.6	65.7
134	58.5	58.9
135	58	56.2
136	58.2	68.3
137	56.8	53.5
138	56.7	57.8
139	56.8	60.6
140	56.9	74.4
141	56.1	63.7
142	55.5	65.4
143	55	73.4
144	54.7	55.8
145	53.3	50.5
146	58.3	83
147	58.5	92.2
148	58.4	97.5
149	56.5	84.9
150	56	92.8
151	55.3	78.4
152	54.9	99
153	53.4	83.5
154	53.7	91.7
155	59.5	113
156	57.8	108
157	57.9	114
158	57.3	102
159	56.9	118
160	56.8	125
161	55.8	110
162	55.1	117
163	54.8	105
164	54.5	114
165	54.6	113
166	53.4	109
167	53.6	110
168	53.8	120
169	54	124
170	52.3	104
171	52.1	113
172	52.3	118
173	51.8	108
174	51.3	120
175	50.4	106
176	49.6	112
177	50.4	117
178	58.6	125
179	59.4	143
180	56.5	138
181	54.7	129
182	53.1	133
183	53.2	141
184	52.4	130
185	52.4	137
186	50.3	128
187	50.9	132
188	49.4	130
189	47.7	131
190	48.5	135
191	47.3	139
192	45.9	134
193	45	137
194	44.4	131
195	43.1	132
196	50.9	142
197	49.2	143
198	46.9	143
199	44	146
200	46.9	152
201	58.5	159
202	56.3	161
203	56.2	163
204	55.6	156
205	53	159
206	55.2	166
207	52.1	23.7
208	52.3	29.8
209	50.6	26.1
210	50.4	30.5
211	50	32.9
212	49.8	24
213	46.5	30.6
214	45	34
215	51.6	45.5
216	49.9	36.3
217	46.2	45.4
218	46.3	48
219	45.1	42
220	51.8	68.4
221	51.3	51.3
222	51.2	71.4
223	50.3	57.2
224	49.8	73.1
225	49.1	51.9
226	49.1	54.7
227	48.3	69.7
228	47.1	51.9
229	46.8	61.7
230	46.8	75.1
231	45.8	62.1
232	45.5	56.1
233	50.4	80.3
234	44.2	80.1
235	43.2	76.9
236	42.8	47.6
237	40.7	46.3
238	40.1	44.5
239	44.6	50.3
240	43.3	68.2
241	43	59.8	
242	42.9	74.5	
243	41.7	64.6	
244	41.3	69.3	
245	40	53	
246	39.1	63.6	
247	37.5	53.9	
248	39	56.2	
249	38	58.3	
250	36.3	59.6	
251	35.7	51.4	
252	32.6	51.7	
253	30.3	57	
254	26.6	52.6	
255	48	91.7	
256	49.6	100.2	
257	48.8	103.6
258	48.9	106.1
259	48.1	114.5
260	47.8	96.9
261	46.4	96.3
262	47.5	101.5
263	47.6	100.1
264	46.6	102.8
265	46.3	102.8
266	47.3	107.5
267	46.5	108.2
268	47.3	110.7
269	45.8	106.3
270	44.9	110.1
271	43.7	111.9
272	43.6	104.4
273	37.8	128.9
274	37.6	127
275	37.5	130.9
276	36	129.4
277	34.8	126.4
278	34.7	127.7
279	33.5	126.5
280	45.4	141.7
281	44	144.3
282	43.1	141.3
283	43.3	145.6
284	42.2	142.8
285	41.8	140.8
286	39.7	140.1
287	38.3	140.9
288	37.4	136.9
289	38	138.3
290	37.9	139.1
291	36.6	136.7
292	36.4	139.1
293	35.2	137
294	35.7	140.9
295	34.6	138.2
296	35.7	139.8
297	33.1	139.8
298	34.7	135.5
299	33.5	135.8
300	34.2	129.3
301	33.6	130.4
302	33.2	131.6
303	32.7	129.9
304	31.6	130.6
305	31.9	131.4	
306	28.4	129.5	
307	24.3	124.2	
308	24.8	125.3	
309	26.2	127.7	
310	25.8	131.2	
311	47.4	123.9	
312	49.2	119.8	
313	37.1	79.9	
314	39	88.2	
315	39.5	76	
316	43.8	87.6	
317	44	81.3	
318	47.7	88.1	
319	36.3	98.1	
320	39.8	98.5	
321	42.8	93.5	
322	37.8	112.6	
323	38.5	106.2	
324	43.7	112	
325	36.1	120.3	
326	39.9	116.3	
327	41.7	123.5	
328	42.9	129.5	
329	29.7	91.1	
330	23.4	103.4	
331	25	102.7	
332	25	98.5	
333	27.9	102.3	
334	31.2	97.2	
335	25.9	115	
336	27.5	109.7	
337	30.7	111.3	
338	34.7	113.7	
339	28.6	115.9	
340	20	110.4	
341	22.8	108.4	
342	23.4	116.7	
343	23.1	113.3	
