1  60.4  77.9  48  Александровское
2  60.3  84.1  99  Ванжиль-Кынак
3  59.9  81.9  76  Напас
4  59.5  79.5  79  Прохоркино 
5  59.4  82.8  68  Березовка 
6  59.2  78.2  69  Ср.Васюган 
7  59.1  80.9  59  Каргасок 
8  58.9  87.7  105  Усть-Озерное 
9  58.7  81.5  63  Парабель 
10  58.5  76.5  81  Нов.Васюган 
11  58.6  86.8  60  Степановка 
12  58.3  82.9  75  Колпашево 
13  58.1  80.6  80  Старица 
14  57.8  77.3  100  Майск 
15  57.8  82.7  106  Подгорное 
16  57.8  85.2  90  Батурино 
17  57.5  79.4  97  Пудино 
18  57.6  83.8  114  Молчаново 
19  57.3  88.2  142  Тегульдет 
20  57.1  81.9  110  Бакчар 
21  57.1  86.2  114  Первомайское 
22  56.5  84.9  139  Томск 
23  56.3  83.9  88  Кожевниково 
24  55.2  86.1  260  Кемерово 
25  56.1  85.6  251  Тайга 
26  55.8  88.3  211  Тисуль 
27  53.3  87.2  293  Кузедеево 
28  56.2  86.4  137  Яя 
29  56.2  87.8  140  Мариинск 
30  56.1  88.5  222  Тяжин 
31  54.9  82.9  133  Огурцово 
32  55.3  78.4  120  Барабинск 
33  55.7  84.4  193  Болотное 
34  56.4  78.4  126  Северное 
35  55.2  76  112  Татарск 
36  55.3  82.8  137  Колывань 
37  55.9  80  129  Крещенка 
38  56.6  76.9  116  Кыштовка 
39  55.3  83.4  215  Мошково 
40  55  73.4  122  Омск 
41  56.9  74.4  73  Тара 
42  56.1  69.4  82  Ишим 
43  53.8  73.9  125  РуссПоляна 
44  61  69  46  H_MANSIJS  
45  61.2  73.6  56  SURGUT   
46  53.3  83.8  159  Барнаул 
47  52.7  84.9  228  Бийск-Зональная 
48  51.2  82.2  355  Змеиногорск 
49  53.8  81.3  129  Камень-на-Оби 
50  53.1  82.3  219  Ребриха 
51  51.5  81.2  219  Рубцовск 
52  53  78.6  126  Славгород 
53  51.7  84.3  411  Солонешное 
54  50  86.5  2600  Кара-Тюрек 
55  50  88.7  1758  Кош-Агач 
56  51.9  86  324  Кызыл-Озек 
57  50.3  85.6  978  Усть-Кокса 
58  51.7  87.6  480  Яйлю 
